0 0.50859375 0.33194444444444443 0.509375 0.3347222222222222 0.515625 0.34444444444444444 0.51796875 0.34444444444444444 0.51875 0.3458333333333333 0.5203125 0.3388888888888889 0.5234375 0.3333333333333333 0.52734375 0.33055555555555555 0.52890625 0.3277777777777778 0.534375 0.325 0.5375 0.31805555555555554 0.5375 0.30833333333333335 0.5359375 0.30416666666666664 0.52421875 0.29583333333333334 0.51953125 0.29583333333333334 0.51640625 0.2986111111111111 0.51015625 0.30972222222222223 0.50859375 0.3194444444444444 0.50859375 0.33194444444444443
0 0.51953125 0.36666666666666664 0.521875 0.3763888888888889 0.521875 0.38472222222222224 0.52109375 0.3861111111111111 0.521875 0.3888888888888889 0.525 0.39444444444444443 0.53125 0.39861111111111114 0.53984375 0.3958333333333333 0.54375 0.3875 0.546875 0.36666666666666664 0.546875 0.35694444444444445 0.54765625 0.35555555555555557 0.54453125 0.3458333333333333 0.54453125 0.3402777777777778 0.54140625 0.3333333333333333 0.5375 0.32916666666666666 0.53359375 0.32916666666666666 0.5328125 0.3277777777777778 0.52421875 0.3347222222222222 0.52109375 0.3416666666666667 0.51953125 0.3527777777777778 0.51953125 0.36666666666666664
0 0.559375 0.40694444444444444 0.56640625 0.41944444444444445 0.56953125 0.4222222222222222 0.578125 0.4222222222222222 0.58515625 0.41805555555555557 0.590625 0.4083333333333333 0.59375 0.39861111111111114 0.59453125 0.38333333333333336 0.59375 0.3736111111111111 0.58515625 0.35833333333333334 0.58046875 0.35694444444444445 0.57265625 0.3611111111111111 0.56328125 0.3763888888888889 0.5609375 0.38333333333333336 0.55859375 0.39166666666666666 0.559375 0.40694444444444444
0 0.4703125 0.3875 0.47890625 0.4013888888888889 0.48828125 0.4027777777777778 0.4953125 0.3972222222222222 0.5015625 0.3861111111111111 0.503125 0.3611111111111111 0.49921875 0.34444444444444444 0.4953125 0.33611111111111114 0.4921875 0.3333333333333333 0.48359375 0.3333333333333333 0.48046875 0.3388888888888889 0.475 0.3541666666666667 0.4703125 0.3611111111111111 0.46953125 0.36666666666666664 0.4703125 0.3875
0 0.43515625 0.3819444444444444 0.43828125 0.39166666666666666 0.44453125 0.4027777777777778 0.44609375 0.4041666666666667 0.4640625 0.4041666666666667 0.4671875 0.4 0.46875 0.39444444444444443 0.46875 0.3888888888888889 0.46796875 0.3875 0.46953125 0.38055555555555554 0.46953125 0.3611111111111111 0.46796875 0.35833333333333334 0.4625 0.3541666666666667 0.45234375 0.35138888888888886 0.4484375 0.3541666666666667 0.4375 0.35555555555555557 0.4328125 0.3625 0.43203125 0.37083333333333335 0.43515625 0.3819444444444444
0 0.415625 0.32222222222222224 0.41953125 0.3375 0.42421875 0.3458333333333333 0.4296875 0.35 0.43203125 0.35 0.43984375 0.34444444444444444 0.44453125 0.3375 0.4484375 0.3125 0.4484375 0.30694444444444446 0.4453125 0.3 0.43984375 0.29305555555555557 0.43828125 0.2916666666666667 0.43203125 0.2916666666666667 0.42109375 0.3 0.41640625 0.30694444444444446 0.415625 0.30972222222222223 0.415625 0.32222222222222224
0 0.365625 0.36944444444444446 0.36875 0.37916666666666665 0.36875 0.3861111111111111 0.37109375 0.3902777777777778 0.37578125 0.39444444444444443 0.3796875 0.39444444444444443 0.390625 0.3875 0.39609375 0.38055555555555554 0.3984375 0.35555555555555557 0.39453125 0.3416666666666667 0.38515625 0.3277777777777778 0.37734375 0.3277777777777778 0.37265625 0.33055555555555555 0.365625 0.34305555555555556 0.36328125 0.3541666666666667 0.365625 0.36944444444444446
0 0.45234375 0.46944444444444444 0.45859375 0.4777777777777778 0.4671875 0.49583333333333335 0.47890625 0.49722222222222223 0.48203125 0.49583333333333335 0.48671875 0.49027777777777776 0.490625 0.47638888888888886 0.490625 0.4722222222222222 0.4875 0.45694444444444443 0.48046875 0.44027777777777777 0.478125 0.4375 0.471875 0.43472222222222223 0.46328125 0.43472222222222223 0.4578125 0.4375 0.45390625 0.44305555555555554 0.45234375 0.44722222222222224 0.45234375 0.46944444444444444
0 0.55625 0.5125 0.56015625 0.5194444444444445 0.56953125 0.525 0.57421875 0.525 0.57578125 0.5222222222222223 0.5765625 0.5111111111111111 0.58046875 0.49583333333333335 0.58515625 0.4847222222222222 0.5890625 0.48055555555555557 0.59140625 0.475 0.59140625 0.46944444444444444 0.58203125 0.45416666666666666 0.57421875 0.45 0.56875 0.45 0.56171875 0.45416666666666666 0.55234375 0.4708333333333333 0.55 0.4777777777777778 0.55625 0.5125
0 0.5796875 0.5458333333333333 0.578125 0.5708333333333333 0.59140625 0.5819444444444445 0.59453125 0.5819444444444445 0.60234375 0.5736111111111111 0.61640625 0.5486111111111112 0.6203125 0.5333333333333333 0.62265625 0.5 0.61953125 0.4888888888888889 0.61640625 0.4861111111111111 0.609375 0.48333333333333334 0.59609375 0.4861111111111111 0.5890625 0.4888888888888889 0.58828125 0.49166666666666664 0.58515625 0.49027777777777776 0.58515625 0.4930555555555556 0.57890625 0.5055555555555555 0.578125 0.5138888888888888 0.57734375 0.5361111111111111 0.5796875 0.5458333333333333
0 0.50546875 0.6055555555555555 0.5078125 0.6180555555555556 0.51171875 0.6236111111111111 0.5171875 0.6236111111111111 0.52578125 0.6166666666666667 0.53984375 0.6111111111111112 0.54453125 0.6055555555555555 0.546875 0.5972222222222222 0.546875 0.5791666666666667 0.54296875 0.5736111111111111 0.5375 0.5513888888888889 0.5296875 0.5416666666666666 0.52265625 0.5402777777777777 0.51015625 0.5486111111111112 0.5 0.5763888888888888 0.49921875 0.5916666666666667 0.50546875 0.6055555555555555
0 0.39609375 0.7083333333333334 0.4 0.7138888888888889 0.43125 0.7069444444444445 0.440625 0.7069444444444445 0.44375 0.7055555555555556 0.44765625 0.6930555555555555 0.44609375 0.6569444444444444 0.43984375 0.6416666666666667 0.43515625 0.6333333333333333 0.43203125 0.6319444444444444 0.4140625 0.6319444444444444 0.409375 0.6444444444444445 0.4 0.6597222222222222 0.39453125 0.6805555555555556 0.39375 0.6902777777777778 0.39609375 0.7083333333333334
0 0.32265625 0.6833333333333333 0.32734375 0.6888888888888889 0.33203125 0.6888888888888889 0.3390625 0.6847222222222222 0.34453125 0.6777777777777778 0.35390625 0.6597222222222222 0.3578125 0.6402777777777777 0.35859375 0.6111111111111112 0.35625 0.5986111111111111 0.3515625 0.5916666666666667 0.3390625 0.5833333333333334 0.33515625 0.5833333333333334 0.3328125 0.5888888888888889 0.32109375 0.5958333333333333 0.31328125 0.6083333333333333 0.30703125 0.6236111111111111 0.30703125 0.6388888888888888 0.32265625 0.6833333333333333
0 0.36015625 0.6388888888888888 0.3625 0.65 0.37734375 0.6777777777777778 0.3875 0.6805555555555556 0.39296875 0.6763888888888889 0.40078125 0.6527777777777778 0.40078125 0.6402777777777777 0.39921875 0.6194444444444445 0.3921875 0.5777777777777777 0.38671875 0.5694444444444444 0.36953125 0.5638888888888889 0.36015625 0.5861111111111111 0.359375 0.6208333333333333 0.36015625 0.6388888888888888
0 0.35 0.5527777777777778 0.35546875 0.5666666666666667 0.3625 0.5791666666666667 0.36484375 0.5777777777777777 0.36875 0.5708333333333333 0.37421875 0.5666666666666667 0.390625 0.5694444444444444 0.39375 0.5625 0.3953125 0.5513888888888889 0.39453125 0.5402777777777777 0.39375 0.5361111111111111 0.38671875 0.5236111111111111 0.378125 0.5194444444444445 0.371875 0.5111111111111111 0.365625 0.5111111111111111 0.35625 0.5152777777777777 0.3515625 0.5236111111111111 0.35 0.5319444444444444 0.35 0.5527777777777778
0 0.36875 0.49722222222222223 0.3703125 0.5041666666666667 0.38046875 0.5194444444444445 0.38671875 0.5208333333333334 0.4 0.5083333333333333 0.40390625 0.5013888888888889 0.40625 0.4930555555555556 0.40546875 0.4708333333333333 0.40078125 0.4625 0.3984375 0.46111111111111114 0.38046875 0.4625 0.371875 0.4708333333333333 0.36796875 0.4777777777777778 0.36875 0.49722222222222223
0 0.278125 0.5958333333333333 0.29296875 0.6263888888888889 0.2984375 0.6277777777777778 0.3015625 0.625 0.3046875 0.6194444444444445 0.3046875 0.6111111111111112 0.30859375 0.5888888888888889 0.31796875 0.5708333333333333 0.31640625 0.5569444444444445 0.3078125 0.5416666666666666 0.30078125 0.5388888888888889 0.2921875 0.5388888888888889 0.2765625 0.5527777777777778 0.2734375 0.5597222222222222 0.2734375 0.5805555555555556 0.278125 0.5958333333333333
0 0.30546875 0.6194444444444445 0.3078125 0.6208333333333333 0.31015625 0.6180555555555556 0.3140625 0.6069444444444444 0.3234375 0.5930555555555556 0.328125 0.5902777777777778 0.33203125 0.5902777777777778 0.33828125 0.5847222222222223 0.340625 0.5847222222222223 0.3375 0.5777777777777777 0.334375 0.5736111111111111 0.33203125 0.5736111111111111 0.33125 0.5722222222222222 0.32265625 0.5722222222222222 0.3171875 0.5763888888888888 0.3140625 0.5763888888888888 0.31015625 0.5833333333333334 0.30625 0.5972222222222222 0.30625 0.6027777777777777 0.30546875 0.6041666666666666 0.3046875 0.6152777777777778 0.30546875 0.6194444444444445
0 0.2765625 0.5222222222222223 0.28046875 0.5305555555555556 0.2859375 0.5361111111111111 0.31015625 0.5388888888888889 0.315625 0.5305555555555556 0.315625 0.5222222222222223 0.31796875 0.5152777777777777 0.31640625 0.5013888888888889 0.309375 0.4875 0.303125 0.48055555555555557 0.2921875 0.4791666666666667 0.2890625 0.48194444444444445 0.2859375 0.48194444444444445 0.28125 0.4875 0.2765625 0.4986111111111111 0.27578125 0.5069444444444444 0.2765625 0.5222222222222223
0 0.290625 0.4666666666666667 0.29296875 0.48194444444444445 0.303125 0.4888888888888889 0.3125 0.4986111111111111 0.3140625 0.4986111111111111 0.31953125 0.5055555555555555 0.32421875 0.5027777777777778 0.3265625 0.4986111111111111 0.328125 0.4930555555555556 0.328125 0.48194444444444445 0.32578125 0.4625 0.31796875 0.44583333333333336 0.30546875 0.4361111111111111 0.30078125 0.4361111111111111 0.29609375 0.44027777777777777 0.2921875 0.44722222222222224 0.290625 0.4527777777777778 0.290625 0.4666666666666667
0 0.25234375 0.5083333333333333 0.25703125 0.5277777777777778 0.2640625 0.5291666666666667 0.26953125 0.5236111111111111 0.27421875 0.5222222222222223 0.27890625 0.49027777777777776 0.28359375 0.4847222222222222 0.28515625 0.48055555555555557 0.284375 0.4708333333333333 0.28046875 0.45555555555555555 0.2734375 0.44583333333333336 0.26953125 0.4444444444444444 0.2640625 0.44583333333333336 0.2609375 0.45 0.25859375 0.45694444444444443 0.25390625 0.47638888888888886 0.25234375 0.4930555555555556 0.25234375 0.5083333333333333
0 0.303125 0.41388888888888886 0.31015625 0.41805555555555557 0.32890625 0.4111111111111111 0.334375 0.4 0.3296875 0.3638888888888889 0.3234375 0.3541666666666667 0.31171875 0.35694444444444445 0.29765625 0.38333333333333336 0.29765625 0.4013888888888889 0.303125 0.41388888888888886
0 0.4171875 0.5458333333333333 0.425 0.5555555555555556 0.4328125 0.5541666666666667 0.45625 0.5291666666666667 0.4640625 0.5013888888888889 0.4578125 0.48055555555555557 0.45078125 0.4722222222222222 0.428125 0.475 0.41484375 0.4861111111111111 0.4109375 0.49583333333333335 0.409375 0.5194444444444445 0.4171875 0.5458333333333333