0 0.571875 0.7152777777777778 0.59921875 0.6958333333333333 0.60625 0.6875 0.6078125 0.6791666666666667 0.603125 0.6458333333333334 0.59140625 0.6319444444444444 0.57734375 0.6361111111111111 0.5671875 0.6513888888888889 0.5625 0.6666666666666666 0.5625 0.6958333333333333 0.571875 0.7152777777777778
0 0.53203125 0.65 0.54296875 0.6625 0.55390625 0.6597222222222222 0.575 0.6138888888888889 0.57734375 0.5736111111111111 0.5734375 0.5583333333333333 0.56953125 0.55 0.55078125 0.5430555555555555 0.53828125 0.5569444444444445 0.52890625 0.5833333333333334 0.528125 0.6194444444444445 0.53203125 0.65
0 0.425 0.6152777777777778 0.43203125 0.6333333333333333 0.4421875 0.6402777777777777 0.44921875 0.6402777777777777 0.4625 0.6263888888888889 0.47578125 0.5944444444444444 0.47109375 0.5555555555555556 0.4640625 0.5458333333333333 0.4421875 0.5541666666666667 0.42421875 0.5805555555555556 0.42265625 0.6069444444444444 0.425 0.6152777777777778
0 0.36484375 0.6611111111111111 0.37109375 0.6861111111111111 0.38359375 0.7083333333333334 0.39453125 0.7111111111111111 0.4046875 0.7069444444444445 0.41484375 0.6875 0.41640625 0.6722222222222223 0.4125 0.6263888888888889 0.40859375 0.6138888888888889 0.40078125 0.6055555555555555 0.378125 0.6055555555555555 0.365625 0.6236111111111111 0.36328125 0.6319444444444444 0.36484375 0.6611111111111111
0 0.37265625 0.5152777777777777 0.390625 0.5083333333333333 0.40390625 0.4888888888888889 0.4078125 0.4736111111111111 0.40078125 0.44583333333333336 0.38515625 0.4263888888888889 0.37265625 0.43333333333333335 0.3640625 0.4625 0.3640625 0.4986111111111111 0.37265625 0.5152777777777777
0 0.3 0.5416666666666666 0.309375 0.5402777777777777 0.3265625 0.5055555555555555 0.325 0.4638888888888889 0.31484375 0.4513888888888889 0.30234375 0.44722222222222224 0.29375 0.45416666666666666 0.29140625 0.4722222222222222 0.2921875 0.525 0.3 0.5416666666666666
0 0.2984375 0.44722222222222224 0.3109375 0.45 0.3234375 0.46111111111111114 0.33671875 0.4513888888888889 0.3421875 0.4361111111111111 0.3421875 0.4263888888888889 0.33125 0.3888888888888889 0.31171875 0.39861111111111114 0.2984375 0.4263888888888889 0.2953125 0.43472222222222223 0.2984375 0.44722222222222224
0 0.39375 0.4236111111111111 0.403125 0.42083333333333334 0.4171875 0.3972222222222222 0.415625 0.36944444444444446 0.40390625 0.35694444444444445 0.39375 0.3611111111111111 0.38359375 0.38055555555555554 0.38359375 0.4041666666666667 0.39375 0.4236111111111111
0 0.3859375 0.3736111111111111 0.396875 0.35833333333333334 0.4078125 0.35555555555555557 0.41015625 0.33194444444444443 0.40390625 0.3194444444444444 0.39609375 0.3138888888888889 0.3859375 0.325 0.37734375 0.3458333333333333 0.37890625 0.36527777777777776 0.3859375 0.3736111111111111
0 0.44296875 0.3541666666666667 0.45625 0.3402777777777778 0.46171875 0.3138888888888889 0.45625 0.3013888888888889 0.4453125 0.3 0.43984375 0.30416666666666664 0.43203125 0.3236111111111111 0.43203125 0.3486111111111111 0.44296875 0.3541666666666667
0 0.47578125 0.3680555555555556 0.490625 0.3625 0.50078125 0.3236111111111111 0.5015625 0.3125 0.4984375 0.30416666666666664 0.490625 0.29444444444444445 0.48203125 0.29305555555555557 0.47109375 0.3138888888888889 0.46875 0.34444444444444444 0.47578125 0.3680555555555556
0 0.50078125 0.3875 0.51171875 0.39166666666666666 0.5203125 0.3861111111111111 0.5234375 0.35694444444444445 0.51796875 0.325 0.51171875 0.3194444444444444 0.50390625 0.32222222222222224 0.49765625 0.3333333333333333 0.4953125 0.3472222222222222 0.49609375 0.37916666666666665 0.50078125 0.3875
0 0.53828125 0.37777777777777777 0.54609375 0.3902777777777778 0.56015625 0.39166666666666666 0.5671875 0.36944444444444446 0.56640625 0.35 0.5625 0.3375 0.54765625 0.3236111111111111 0.53984375 0.3236111111111111 0.53203125 0.33611111111111114 0.5296875 0.35138888888888886 0.53828125 0.37777777777777777
0 0.6125 0.41388888888888886 0.61953125 0.4097222222222222 0.63046875 0.3819444444444444 0.61953125 0.35138888888888886 0.60546875 0.3486111111111111 0.596875 0.36666666666666664 0.59453125 0.38333333333333336 0.59453125 0.40694444444444444 0.6125 0.41388888888888886
0 0.65390625 0.4986111111111111 0.67890625 0.5 0.68828125 0.48055555555555557 0.68515625 0.4777777777777778 0.68359375 0.44722222222222224 0.67109375 0.425 0.6625 0.42777777777777776 0.65 0.4583333333333333 0.6484375 0.48194444444444445 0.65390625 0.4986111111111111
0 0.63984375 0.5694444444444444 0.66171875 0.5847222222222223 0.68046875 0.5375 0.68203125 0.5125 0.67734375 0.5041666666666667 0.66484375 0.5 0.65078125 0.5041666666666667 0.6390625 0.5416666666666666 0.63671875 0.5597222222222222 0.63984375 0.5694444444444444
0 0.60234375 0.5430555555555555 0.6140625 0.5541666666666667 0.6265625 0.5513888888888889 0.63671875 0.5194444444444445 0.6375 0.4930555555555556 0.63125 0.47638888888888886 0.61796875 0.45694444444444443 0.603125 0.4625 0.596875 0.47638888888888886 0.59375 0.5013888888888889 0.59375 0.5152777777777777 0.60234375 0.5430555555555555
0 0.56171875 0.4736111111111111 0.5828125 0.4847222222222222 0.59375 0.4666666666666667 0.5953125 0.44305555555555554 0.5921875 0.41944444444444445 0.5890625 0.4041666666666667 0.58359375 0.3958333333333333 0.57421875 0.39444444444444443 0.5640625 0.4027777777777778 0.55703125 0.4263888888888889 0.55625 0.44166666666666665 0.56171875 0.4736111111111111
0 0.51796875 0.5458333333333333 0.53125 0.5625 0.54140625 0.5486111111111112 0.55546875 0.5388888888888889 0.5625 0.5069444444444444 0.5609375 0.4875 0.55 0.4708333333333333 0.53046875 0.47638888888888886 0.51484375 0.5055555555555555 0.5140625 0.5222222222222223 0.51796875 0.5458333333333333
0 0.48046875 0.5180555555555556 0.509375 0.5111111111111111 0.51875 0.4888888888888889 0.51875 0.4736111111111111 0.5109375 0.44583333333333336 0.5015625 0.4361111111111111 0.4859375 0.4444444444444444 0.471875 0.47638888888888886 0.47265625 0.5111111111111111 0.48046875 0.5180555555555556
0 0.446875 0.4666666666666667 0.46640625 0.48055555555555557 0.490625 0.43472222222222223 0.48515625 0.4152777777777778 0.47734375 0.40555555555555556 0.46796875 0.4041666666666667 0.45625 0.4166666666666667 0.44453125 0.44583333333333336 0.44375 0.4583333333333333 0.446875 0.4666666666666667
0 0.45390625 0.4013888888888889 0.46015625 0.40694444444444444 0.4734375 0.39166666666666666 0.4765625 0.37777777777777777 0.47578125 0.3625 0.46953125 0.3458333333333333 0.4578125 0.3472222222222222 0.4484375 0.3611111111111111 0.44765625 0.3819444444444444 0.45390625 0.4013888888888889
0 0.42109375 0.5305555555555556 0.42734375 0.5375 0.43515625 0.5361111111111111 0.44765625 0.5222222222222223 0.45859375 0.49583333333333335 0.4578125 0.48194444444444445 0.453125 0.4722222222222222 0.43671875 0.46111111111111114 0.43046875 0.4625 0.41953125 0.49027777777777776 0.41875 0.5194444444444445 0.42109375 0.5305555555555556