0 0.5171875 0.30694444444444446 0.53828125 0.3125 0.54921875 0.29583333333333334 0.54453125 0.2763888888888889 0.528125 0.25555555555555554 0.51875 0.25833333333333336 0.51015625 0.2777777777777778 0.509375 0.2972222222222222 0.5171875 0.30694444444444446
0 0.50078125 0.425 0.5125 0.4222222222222222 0.51875 0.38333333333333336 0.50546875 0.3638888888888889 0.49453125 0.36527777777777776 0.4890625 0.37222222222222223 0.4875 0.39861111111111114 0.50078125 0.425
0 0.47578125 0.4625 0.48828125 0.4597222222222222 0.4984375 0.4388888888888889 0.4953125 0.4097222222222222 0.48359375 0.3958333333333333 0.4703125 0.4041666666666667 0.46640625 0.4222222222222222 0.465625 0.4361111111111111 0.47578125 0.4625
0 0.43125 0.5111111111111111 0.4359375 0.5194444444444445 0.44609375 0.5222222222222223 0.4640625 0.5069444444444444 0.46953125 0.4861111111111111 0.47109375 0.4597222222222222 0.46484375 0.4388888888888889 0.45234375 0.43472222222222223 0.4375 0.4486111111111111 0.4265625 0.47638888888888886 0.42578125 0.4875 0.43125 0.5111111111111111
0 0.4015625 0.5972222222222222 0.40625 0.5986111111111111 0.43984375 0.5736111111111111 0.4546875 0.5555555555555556 0.44921875 0.5444444444444444 0.4234375 0.5416666666666666 0.396875 0.5611111111111111 0.3984375 0.5888888888888889 0.4015625 0.5972222222222222
0 0.40234375 0.4083333333333333 0.40546875 0.4125 0.41015625 0.4152777777777778 0.41484375 0.41388888888888886 0.421875 0.40694444444444444 0.42421875 0.4013888888888889 0.42421875 0.3972222222222222 0.42578125 0.39305555555555555 0.4234375 0.3638888888888889 0.41484375 0.3458333333333333 0.41171875 0.34444444444444444 0.4078125 0.3458333333333333 0.403125 0.35138888888888886 0.4 0.36944444444444446 0.396875 0.37916666666666665 0.39609375 0.39305555555555555 0.40234375 0.4083333333333333
0 0.31875 0.3902777777777778 0.31953125 0.39166666666666666 0.31953125 0.4 0.32421875 0.40694444444444444 0.32890625 0.40694444444444444 0.346875 0.39166666666666666 0.34921875 0.3875 0.34921875 0.37222222222222223 0.3484375 0.37222222222222223 0.346875 0.36527777777777776 0.34375 0.3611111111111111 0.33046875 0.3611111111111111 0.32421875 0.36944444444444446 0.32265625 0.37777777777777777 0.31953125 0.38472222222222224 0.31953125 0.3888888888888889 0.31875 0.3902777777777778
0 0.27734375 0.4722222222222222 0.27890625 0.48194444444444445 0.28046875 0.4861111111111111 0.28046875 0.49027777777777776 0.284375 0.5 0.29296875 0.5041666666666667 0.29375 0.5027777777777778 0.29765625 0.5027777777777778 0.3015625 0.5 0.30703125 0.49027777777777776 0.3078125 0.4791666666666667 0.30859375 0.4777777777777778 0.30859375 0.46944444444444444 0.30703125 0.4625 0.3 0.4486111111111111 0.296875 0.44583333333333336 0.28828125 0.44583333333333336 0.2828125 0.4513888888888889 0.27890625 0.4583333333333333 0.27734375 0.4638888888888889 0.27734375 0.4722222222222222
0 0.25 0.4986111111111111 0.2546875 0.5208333333333334 0.2578125 0.525 0.259375 0.5236111111111111 0.275 0.5222222222222223 0.2765625 0.5208333333333334 0.27890625 0.5138888888888888 0.2796875 0.5138888888888888 0.28125 0.5055555555555555 0.28125 0.49722222222222223 0.27734375 0.4736111111111111 0.27421875 0.46805555555555556 0.26640625 0.4666666666666667 0.265625 0.4652777777777778 0.25390625 0.4666666666666667 0.25078125 0.4708333333333333 0.24921875 0.47638888888888886 0.25 0.4986111111111111
0 0.24921875 0.44583333333333336 0.24921875 0.4638888888888889 0.25078125 0.4666666666666667 0.275 0.4666666666666667 0.27578125 0.4638888888888889 0.27578125 0.45694444444444443 0.27421875 0.44305555555555554 0.27265625 0.4361111111111111 0.26875 0.42916666666666664 0.26328125 0.425 0.2578125 0.425 0.25234375 0.4305555555555556 0.25 0.4375 0.25 0.4444444444444444 0.24921875 0.44583333333333336
0 0.25234375 0.5555555555555556 0.25234375 0.5666666666666667 0.2546875 0.5736111111111111 0.25625 0.5694444444444444 0.26328125 0.5583333333333333 0.265625 0.5583333333333333 0.26953125 0.5555555555555556 0.275 0.5555555555555556 0.27578125 0.5569444444444445 0.278125 0.5569444444444445 0.2828125 0.5625 0.284375 0.5583333333333333 0.284375 0.5444444444444444 0.28359375 0.5430555555555555 0.28359375 0.5388888888888889 0.28046875 0.5305555555555556 0.278125 0.5263888888888889 0.275 0.5236111111111111 0.26328125 0.5236111111111111 0.2578125 0.5263888888888889 0.25546875 0.5305555555555556 0.253125 0.5402777777777777 0.2515625 0.5541666666666667 0.25234375 0.5555555555555556
0 0.28984375 0.6277777777777778 0.29453125 0.6305555555555555 0.31015625 0.6361111111111111 0.3203125 0.6361111111111111 0.33125 0.6291666666666667 0.3328125 0.6236111111111111 0.33125 0.5986111111111111 0.328125 0.5958333333333333 0.32890625 0.5916666666666667 0.3234375 0.5861111111111111 0.31796875 0.5833333333333334 0.31015625 0.5833333333333334 0.29921875 0.5875 0.29375 0.5930555555555556 0.2890625 0.6055555555555555 0.28828125 0.625 0.28984375 0.6277777777777778
0 0.36484375 0.5027777777777778 0.38984375 0.49166666666666664 0.40234375 0.4708333333333333 0.39609375 0.4444444444444444 0.3859375 0.4375 0.36875 0.44166666666666665 0.359375 0.4527777777777778 0.359375 0.4847222222222222 0.36484375 0.5027777777777778
0 0.3328125 0.5972222222222222 0.33515625 0.6152777777777778 0.3421875 0.6166666666666667 0.3484375 0.6083333333333333 0.35234375 0.5708333333333333 0.34921875 0.5597222222222222 0.340625 0.55 0.33046875 0.5486111111111112 0.31875 0.5638888888888889 0.31875 0.5805555555555556 0.3328125 0.5972222222222222
0 0.26171875 0.6083333333333333 0.278125 0.6236111111111111 0.2859375 0.6222222222222222 0.28984375 0.5888888888888889 0.2828125 0.5638888888888889 0.2765625 0.5555555555555556 0.26953125 0.5555555555555556 0.25859375 0.5638888888888889 0.25546875 0.575 0.2546875 0.5916666666666667 0.26171875 0.6083333333333333
0 0.33203125 0.5125 0.34921875 0.5138888888888888 0.359375 0.5013888888888889 0.3578125 0.48194444444444445 0.3453125 0.45 0.334375 0.4513888888888889 0.32265625 0.4666666666666667 0.32578125 0.5013888888888889 0.33203125 0.5125
0 0.3484375 0.45 0.35546875 0.4486111111111111 0.38125 0.43472222222222223 0.3828125 0.41388888888888886 0.37578125 0.4027777777777778 0.3625 0.4027777777777778 0.35546875 0.4083333333333333 0.34453125 0.42916666666666664 0.34375 0.44166666666666665 0.3484375 0.45
0 0.35625 0.3333333333333333 0.3609375 0.35138888888888886 0.36640625 0.3597222222222222 0.371875 0.3597222222222222 0.37578125 0.35138888888888886 0.37578125 0.3472222222222222 0.3796875 0.3347222222222222 0.38046875 0.3347222222222222 0.38125 0.33055555555555555 0.38125 0.3236111111111111 0.38046875 0.3194444444444444 0.378125 0.31666666666666665 0.36875 0.31666666666666665 0.359375 0.3236111111111111 0.35625 0.32916666666666666 0.35625 0.3333333333333333
0 0.3765625 0.38055555555555554 0.3796875 0.3875 0.38359375 0.39166666666666666 0.3859375 0.39305555555555555 0.39453125 0.39166666666666666 0.40078125 0.3638888888888889 0.40078125 0.35694444444444445 0.4046875 0.34444444444444444 0.39921875 0.325 0.39375 0.31805555555555554 0.3890625 0.3194444444444444 0.38671875 0.3236111111111111 0.38359375 0.325 0.3765625 0.3416666666666667 0.375 0.35555555555555557 0.3765625 0.38055555555555554
0 0.409375 0.3125 0.41015625 0.31527777777777777 0.415625 0.3236111111111111 0.415625 0.3277777777777778 0.4203125 0.3333333333333333 0.42265625 0.3333333333333333 0.4234375 0.33194444444444443 0.428125 0.33194444444444443 0.4328125 0.3236111111111111 0.4359375 0.3125 0.4359375 0.30833333333333335 0.4328125 0.2972222222222222 0.4296875 0.2916666666666667 0.42734375 0.2916666666666667 0.4265625 0.2902777777777778 0.421875 0.2916666666666667 0.415625 0.2972222222222222 0.41328125 0.3013888888888889 0.41015625 0.30416666666666664 0.409375 0.30694444444444446 0.409375 0.3125
0 0.3953125 0.31666666666666665 0.39765625 0.3194444444444444 0.39765625 0.3236111111111111 0.40390625 0.34444444444444444 0.408203125 0.34444444444444444 0.4171875 0.35 0.42109375 0.35555555555555557 0.42421875 0.35555555555555557 0.425 0.35694444444444445 0.4265625 0.35555555555555557 0.42890625 0.3472222222222222 0.42890625 0.3347222222222222 0.42265625 0.3263888888888889 0.41875 0.3236111111111111 0.41640625 0.3194444444444444 0.41015625 0.3138888888888889 0.409375 0.30972222222222223 0.4078125 0.30833333333333335 0.40390625 0.30972222222222223 0.40234375 0.3125 0.3953125 0.31666666666666665