0 0.5578125 0.3972222222222222 0.57109375 0.4 0.58359375 0.3875 0.5828125 0.35138888888888886 0.575 0.3388888888888889 0.56171875 0.3402777777777778 0.55 0.36666666666666664 0.54921875 0.3861111111111111 0.5578125 0.3972222222222222
0 0.5 0.33611111111111114 0.50546875 0.35138888888888886 0.509375 0.35833333333333334 0.5109375 0.36527777777777776 0.51484375 0.3680555555555556 0.521875 0.3680555555555556 0.5234375 0.37083333333333335 0.5265625 0.37222222222222223 0.53203125 0.35833333333333334 0.534375 0.3472222222222222 0.53359375 0.33194444444444443 0.52734375 0.3111111111111111 0.5234375 0.30416666666666664 0.51875 0.3 0.5109375 0.3 0.5046875 0.3055555555555556 0.50078125 0.3125 0.49921875 0.31805555555555554 0.5 0.33611111111111114
0 0.46640625 0.33055555555555555 0.46875 0.33611111111111114 0.46953125 0.3472222222222222 0.47265625 0.3527777777777778 0.47578125 0.35555555555555557 0.48515625 0.35694444444444445 0.490625 0.3527777777777778 0.49375 0.34444444444444444 0.49765625 0.3236111111111111 0.4984375 0.3055555555555556 0.49453125 0.29583333333333334 0.49140625 0.29305555555555557 0.484375 0.29305555555555557 0.475 0.3 0.46796875 0.31805555555555554 0.46640625 0.325 0.46640625 0.33055555555555555
0 0.45546875 0.3111111111111111 0.45625 0.31805555555555554 0.459375 0.3236111111111111 0.46328125 0.325 0.4671875 0.3194444444444444 0.4703125 0.30972222222222223 0.475 0.3 0.484375 0.29305555555555557 0.48671875 0.2861111111111111 0.484375 0.275 0.48046875 0.26805555555555555 0.47421875 0.2625 0.4703125 0.2625 0.46640625 0.26666666666666666 0.459375 0.28055555555555556 0.4546875 0.3 0.45390625 0.30694444444444446 0.45546875 0.3111111111111111
0 0.4265625 0.29583333333333334 0.428125 0.3013888888888889 0.4296875 0.30277777777777776 0.43984375 0.30416666666666664 0.44453125 0.30833333333333335 0.44921875 0.30833333333333335 0.453125 0.30277777777777776 0.45703125 0.2875 0.45703125 0.275 0.45390625 0.26805555555555555 0.4515625 0.26666666666666666 0.45 0.2638888888888889 0.44765625 0.2625 0.4421875 0.2625 0.43359375 0.2708333333333333 0.42734375 0.2833333333333333 0.4265625 0.2875 0.4265625 0.29583333333333334
0 0.425 0.34444444444444444 0.43125 0.35138888888888886 0.43671875 0.3527777777777778 0.44609375 0.34444444444444444 0.446875 0.3402777777777778 0.44765625 0.3402777777777778 0.45078125 0.3333333333333333 0.453125 0.3236111111111111 0.45234375 0.32222222222222224 0.45234375 0.31805555555555554 0.44765625 0.30972222222222223 0.4453125 0.30833333333333335 0.44375 0.3055555555555556 0.42890625 0.2986111111111111 0.428125 0.3 0.42421875 0.32083333333333336 0.425 0.34444444444444444
0 0.36796875 0.3277777777777778 0.36953125 0.34444444444444444 0.371875 0.35138888888888886 0.375 0.35555555555555557 0.3796875 0.35555555555555557 0.39375 0.3472222222222222 0.396875 0.34305555555555556 0.4015625 0.32916666666666666 0.4015625 0.3236111111111111 0.3984375 0.3125 0.39375 0.3055555555555556 0.39140625 0.30416666666666664 0.38125 0.30416666666666664 0.37421875 0.30972222222222223 0.36796875 0.31805555555555554 0.3671875 0.3263888888888889 0.36796875 0.3277777777777778
0 0.36484375 0.2972222222222222 0.3671875 0.30833333333333335 0.36953125 0.3125 0.3765625 0.30694444444444446 0.3796875 0.30277777777777776 0.38359375 0.30277777777777776 0.384375 0.3013888888888889 0.38828125 0.3013888888888889 0.38984375 0.3 0.39296875 0.2847222222222222 0.39296875 0.2791666666666667 0.3921875 0.2763888888888889 0.38828125 0.26666666666666666 0.38671875 0.2638888888888889 0.384375 0.2625 0.378125 0.2625 0.37734375 0.2638888888888889 0.375 0.2638888888888889 0.3734375 0.2652777777777778 0.3671875 0.2777777777777778 0.36484375 0.2861111111111111 0.36484375 0.2972222222222222
0 0.3984375 0.3972222222222222 0.41796875 0.4166666666666667 0.43828125 0.40694444444444444 0.44140625 0.4027777777777778 0.4421875 0.39861111111111114 0.43984375 0.36527777777777776 0.43515625 0.35555555555555557 0.43203125 0.3527777777777778 0.41953125 0.3541666666666667 0.41171875 0.3638888888888889 0.4015625 0.37222222222222223 0.3984375 0.37777777777777777 0.396875 0.38333333333333336 0.3984375 0.3972222222222222
0 0.49453125 0.4263888888888889 0.50234375 0.4263888888888889 0.5171875 0.4166666666666667 0.521875 0.41944444444444445 0.525 0.4166666666666667 0.52890625 0.40694444444444444 0.53046875 0.3902777777777778 0.5296875 0.38333333333333336 0.52578125 0.3736111111111111 0.51875 0.3680555555555556 0.50703125 0.3680555555555556 0.5 0.3763888888888889 0.496875 0.38333333333333336 0.49375 0.3972222222222222 0.49296875 0.4166666666666667 0.49453125 0.4263888888888889
0 0.52734375 0.5361111111111111 0.53125 0.5458333333333333 0.534375 0.5458333333333333 0.5703125 0.5152777777777777 0.571875 0.5111111111111111 0.571875 0.5027777777777778 0.56953125 0.49722222222222223 0.559375 0.49027777777777776 0.55703125 0.4861111111111111 0.55234375 0.4861111111111111 0.53515625 0.5055555555555555 0.52890625 0.5208333333333334 0.52734375 0.5263888888888889 0.52734375 0.5361111111111111
0 0.49609375 0.44722222222222224 0.4953125 0.45555555555555555 0.496875 0.49444444444444446 0.50234375 0.5055555555555555 0.50625 0.5083333333333333 0.51171875 0.5111111111111111 0.51953125 0.5111111111111111 0.52265625 0.5083333333333333 0.5265625 0.5 0.53203125 0.4597222222222222 0.52890625 0.4361111111111111 0.52109375 0.41805555555555557 0.5171875 0.4166666666666667 0.5125 0.41805555555555557 0.50390625 0.425 0.4953125 0.4361111111111111 0.49453125 0.44166666666666665 0.49609375 0.44722222222222224
0 0.46015625 0.5013888888888889 0.46328125 0.5138888888888888 0.465625 0.5333333333333333 0.46796875 0.5375 0.47578125 0.5388888888888889 0.4828125 0.5347222222222222 0.4921875 0.5180555555555556 0.49375 0.5097222222222222 0.49296875 0.4986111111111111 0.4953125 0.475 0.4953125 0.4583333333333333 0.4890625 0.4388888888888889 0.48125 0.43333333333333335 0.4734375 0.43333333333333335 0.45859375 0.4486111111111111 0.45078125 0.4666666666666667 0.45078125 0.48055555555555557 0.46015625 0.5013888888888889
0 0.42734375 0.4638888888888889 0.43203125 0.48055555555555557 0.44921875 0.48333333333333334 0.45078125 0.46805555555555556 0.45546875 0.4597222222222222 0.45546875 0.45555555555555555 0.46953125 0.4375 0.471875 0.43194444444444446 0.46640625 0.4236111111111111 0.46171875 0.42083333333333334 0.45546875 0.42083333333333334 0.4484375 0.4236111111111111 0.43359375 0.4361111111111111 0.42734375 0.44722222222222224 0.4265625 0.4513888888888889 0.42734375 0.4638888888888889
0 0.4046875 0.6055555555555555 0.4046875 0.6097222222222223 0.4078125 0.6166666666666667 0.4125 0.6222222222222222 0.421875 0.6222222222222222 0.4375 0.6166666666666667 0.44375 0.6138888888888889 0.446875 0.6111111111111112 0.4484375 0.6069444444444444 0.446875 0.5847222222222223 0.44375 0.5736111111111111 0.44375 0.5694444444444444 0.44140625 0.5652777777777778 0.43125 0.5597222222222222 0.42890625 0.5555555555555556 0.41953125 0.5611111111111111 0.4109375 0.5791666666666667 0.4109375 0.5888888888888889 0.4046875 0.6055555555555555
0 0.33125 0.5 0.33203125 0.5069444444444444 0.3421875 0.5319444444444444 0.3484375 0.5347222222222222 0.36640625 0.5236111111111111 0.3765625 0.5111111111111111 0.38046875 0.49027777777777776 0.38046875 0.4722222222222222 0.37890625 0.4666666666666667 0.3734375 0.4597222222222222 0.3625 0.45694444444444443 0.353125 0.4597222222222222 0.3453125 0.4652777777777778 0.33359375 0.48333333333333334 0.33359375 0.49027777777777776 0.33125 0.5
0 0.37890625 0.4597222222222222 0.3890625 0.4847222222222222 0.39375 0.4861111111111111 0.40859375 0.48055555555555557 0.4109375 0.47638888888888886 0.4109375 0.4736111111111111 0.41953125 0.4583333333333333 0.42109375 0.44583333333333336 0.4203125 0.43194444444444446 0.415625 0.4166666666666667 0.40546875 0.40555555555555556 0.396875 0.4013888888888889 0.390625 0.4041666666666667 0.38125 0.4305555555555556 0.378125 0.4486111111111111 0.37890625 0.4597222222222222
0 0.3625 0.4486111111111111 0.365625 0.4527777777777778 0.36953125 0.4513888888888889 0.37734375 0.44583333333333336 0.3875 0.4125 0.38828125 0.4027777777777778 0.38359375 0.39305555555555555 0.3796875 0.3888888888888889 0.37578125 0.3875 0.3625 0.4111111111111111 0.3609375 0.4166666666666667 0.36015625 0.43194444444444446 0.3625 0.4486111111111111
0 0.2734375 0.45416666666666666 0.27890625 0.46944444444444444 0.2828125 0.46944444444444444 0.29296875 0.4638888888888889 0.30546875 0.4527777777777778 0.31015625 0.4444444444444444 0.3109375 0.43194444444444446 0.309375 0.42777777777777776 0.309375 0.42083333333333334 0.3078125 0.41388888888888886 0.303125 0.40555555555555556 0.29921875 0.4027777777777778 0.29453125 0.3958333333333333 0.2859375 0.39444444444444443 0.28203125 0.3972222222222222 0.27734375 0.40694444444444444 0.2734375 0.42777777777777776 0.27265625 0.43472222222222223 0.2734375 0.45416666666666666
0 0.24921875 0.425 0.25078125 0.4305555555555556 0.2546875 0.4361111111111111 0.265625 0.4375 0.2703125 0.43472222222222223 0.271875 0.43194444444444446 0.271875 0.42777777777777776 0.27734375 0.40555555555555556 0.28359375 0.3958333333333333 0.28359375 0.3902777777777778 0.28125 0.38055555555555554 0.28125 0.3763888888888889 0.2796875 0.3736111111111111 0.26875 0.36527777777777776 0.2625 0.36527777777777776 0.25546875 0.37777777777777777 0.25078125 0.4 0.24921875 0.41388888888888886 0.24921875 0.425
0 0.2890625 0.35833333333333334 0.290625 0.36666666666666664 0.2953125 0.37222222222222223 0.30234375 0.37222222222222223 0.3171875 0.3638888888888889 0.321875 0.3597222222222222 0.3265625 0.3472222222222222 0.3265625 0.33055555555555555 0.32578125 0.3277777777777778 0.31875 0.3138888888888889 0.31171875 0.30833333333333335 0.30546875 0.30972222222222223 0.3 0.3138888888888889 0.28984375 0.3333333333333333 0.28828125 0.3388888888888889 0.2890625 0.35833333333333334
0 0.265625 0.55 0.275 0.5722222222222222 0.284375 0.5791666666666667 0.2953125 0.5805555555555556 0.3 0.5763888888888888 0.30390625 0.5694444444444444 0.30390625 0.55 0.30625 0.5402777777777777 0.30625 0.5333333333333333 0.30390625 0.525 0.303125 0.5111111111111111 0.29609375 0.4986111111111111 0.2890625 0.4930555555555556 0.278125 0.49027777777777776 0.265625 0.5055555555555555 0.26328125 0.5138888888888888 0.2625 0.5291666666666667 0.265625 0.55
0 0.403125 0.5361111111111111 0.40078125 0.5416666666666666 0.40078125 0.55 0.40625 0.5666666666666667 0.4125 0.575 0.41484375 0.575 0.42578125 0.5625 0.4390625 0.5680555555555555 0.44609375 0.5652777777777778 0.46015625 0.5388888888888889 0.46171875 0.5152777777777777 0.45625 0.49722222222222223 0.44921875 0.4861111111111111 0.43046875 0.4861111111111111 0.4171875 0.5 0.4109375 0.5125 0.41015625 0.5277777777777778 0.403125 0.5361111111111111