0 0.5703125 0.3375 0.578125 0.3402777777777778 0.5890625 0.3347222222222222 0.59609375 0.3194444444444444 0.59296875 0.29444444444444445 0.57890625 0.2763888888888889 0.5640625 0.28055555555555556 0.5578125 0.3 0.55859375 0.3263888888888889 0.5703125 0.3375
0 0.75625 0.6152777777777778 0.7734375 0.6152777777777778 0.778125 0.6097222222222223 0.78515625 0.5944444444444444 0.7875 0.5805555555555556 0.78671875 0.5666666666666667 0.78046875 0.5347222222222222 0.775 0.5236111111111111 0.771875 0.5208333333333334 0.7640625 0.5222222222222223 0.75546875 0.5291666666666667 0.753125 0.5333333333333333 0.75078125 0.5458333333333333 0.746875 0.5555555555555556 0.746875 0.5944444444444444 0.75625 0.6152777777777778
0 0.684375 0.4930555555555556 0.696875 0.5375 0.69921875 0.5416666666666666 0.7046875 0.5444444444444444 0.709375 0.5444444444444444 0.7125 0.5416666666666666 0.7171875 0.5333333333333333 0.72109375 0.5111111111111111 0.72109375 0.4875 0.71796875 0.475 0.70546875 0.45555555555555555 0.7 0.4513888888888889 0.6921875 0.4527777777777778 0.68828125 0.45694444444444443 0.6828125 0.46944444444444444 0.68203125 0.4777777777777778 0.684375 0.4930555555555556
0 0.65703125 0.4583333333333333 0.66640625 0.4666666666666667 0.6796875 0.4722222222222222 0.69921875 0.44722222222222224 0.70078125 0.42083333333333334 0.69921875 0.4166666666666667 0.6921875 0.4111111111111111 0.67890625 0.40694444444444444 0.671875 0.40694444444444444 0.6609375 0.41388888888888886 0.65703125 0.41944444444444445 0.65390625 0.42777777777777776 0.653125 0.45 0.65703125 0.4583333333333333
0 0.6453125 0.39166666666666666 0.6453125 0.4 0.64375 0.4041666666666667 0.64375 0.40694444444444444 0.64609375 0.41944444444444445 0.65 0.4263888888888889 0.6546875 0.42777777777777776 0.6625 0.41388888888888886 0.675 0.40694444444444444 0.675 0.3958333333333333 0.671875 0.38333333333333336 0.6703125 0.38333333333333336 0.66796875 0.37916666666666665 0.65625 0.37083333333333335 0.64921875 0.37083333333333335 0.64765625 0.37222222222222223 0.64765625 0.38333333333333336 0.6453125 0.39166666666666666
0 0.62734375 0.5722222222222222 0.64765625 0.6041666666666666 0.653125 0.6083333333333333 0.65625 0.6069444444444444 0.659375 0.5986111111111111 0.66796875 0.5847222222222223 0.671875 0.5638888888888889 0.671875 0.5569444444444445 0.66875 0.55 0.665625 0.5291666666666667 0.6578125 0.5180555555555556 0.64765625 0.5180555555555556 0.63984375 0.5222222222222223 0.6296875 0.5402777777777777 0.62578125 0.5513888888888889 0.62734375 0.5722222222222222
0 0.58828125 0.5916666666666667 0.59375 0.6138888888888889 0.6 0.6222222222222222 0.60234375 0.6222222222222222 0.60546875 0.6166666666666667 0.609375 0.5986111111111111 0.6078125 0.5944444444444444 0.61328125 0.5847222222222223 0.625 0.575 0.62421875 0.5680555555555555 0.61953125 0.5569444444444445 0.60703125 0.5527777777777778 0.603125 0.5527777777777778 0.59609375 0.5569444444444445 0.590625 0.5722222222222222 0.58828125 0.5833333333333334 0.58828125 0.5916666666666667
0 0.546875 0.5652777777777778 0.546875 0.5888888888888889 0.55078125 0.6013888888888889 0.55703125 0.6138888888888889 0.56328125 0.6180555555555556 0.56875 0.6180555555555556 0.5796875 0.6083333333333333 0.5828125 0.6013888888888889 0.59453125 0.5555555555555556 0.59453125 0.5472222222222223 0.5890625 0.5305555555555556 0.58359375 0.5236111111111111 0.5625 0.5208333333333334 0.55546875 0.5305555555555556 0.553125 0.5472222222222223 0.546875 0.5652777777777778
0 0.60234375 0.6180555555555556 0.60234375 0.6291666666666667 0.609375 0.65 0.609375 0.6708333333333333 0.615625 0.6805555555555556 0.621875 0.6833333333333333 0.6328125 0.6847222222222222 0.63984375 0.6819444444444445 0.6453125 0.6625 0.6484375 0.6569444444444444 0.6515625 0.6416666666666667 0.65234375 0.6125 0.6390625 0.5888888888888889 0.63046875 0.5805555555555556 0.61953125 0.5791666666666667 0.6125 0.5847222222222223 0.609375 0.5916666666666667 0.609375 0.6013888888888889 0.60234375 0.6180555555555556
0 0.7046875 0.7222222222222222 0.709375 0.7263888888888889 0.7171875 0.7152777777777778 0.73125 0.7041666666666667 0.73515625 0.7041666666666667 0.7421875 0.6875 0.74140625 0.6722222222222223 0.7390625 0.6638888888888889 0.7328125 0.6541666666666667 0.721875 0.6458333333333334 0.71328125 0.6486111111111111 0.70234375 0.6638888888888889 0.70078125 0.6722222222222223 0.69765625 0.6777777777777778 0.69765625 0.7013888888888888 0.7046875 0.7222222222222222
0 0.7265625 0.7875 0.73046875 0.7902777777777777 0.740625 0.7875 0.74609375 0.7819444444444444 0.7515625 0.7722222222222223 0.7546875 0.7583333333333333 0.7578125 0.7541666666666667 0.759375 0.7444444444444445 0.759375 0.7291666666666666 0.75546875 0.7152777777777778 0.7375 0.7069444444444445 0.728125 0.7069444444444445 0.71796875 0.7180555555555556 0.7125 0.7291666666666666 0.7109375 0.7583333333333333 0.7265625 0.7875
0 0.6578125 0.8236111111111111 0.6625 0.8430555555555556 0.66875 0.8527777777777777 0.67890625 0.8513888888888889 0.7 0.8361111111111111 0.7171875 0.8138888888888889 0.7203125 0.8083333333333333 0.72265625 0.7972222222222223 0.7203125 0.7763888888888889 0.71328125 0.7652777777777777 0.70390625 0.7569444444444444 0.67109375 0.7638888888888888 0.65859375 0.7861111111111111 0.65625 0.8027777777777778 0.6578125 0.8236111111111111
0 0.59375 0.8430555555555556 0.634375 0.8569444444444444 0.6421875 0.8541666666666666 0.646875 0.8444444444444444 0.646875 0.8347222222222223 0.653125 0.8236111111111111 0.653125 0.8083333333333333 0.64765625 0.7833333333333333 0.64140625 0.7680555555555556 0.63046875 0.7555555555555555 0.61875 0.7625 0.609375 0.775 0.5984375 0.7930555555555555 0.590625 0.8111111111111111 0.58984375 0.8291666666666667 0.59375 0.8430555555555556
0 0.50859375 0.8138888888888889 0.5359375 0.8277777777777777 0.54765625 0.8291666666666667 0.5515625 0.8208333333333333 0.55703125 0.7958333333333333 0.56015625 0.7638888888888888 0.55546875 0.7527777777777778 0.54609375 0.7444444444444445 0.53203125 0.7388888888888889 0.52265625 0.7388888888888889 0.51328125 0.7430555555555556 0.503125 0.7722222222222223 0.503125 0.7958333333333333 0.50859375 0.8138888888888889
0 0.50859375 0.7388888888888889 0.5109375 0.7402777777777778 0.53046875 0.7375 0.546875 0.7430555555555556 0.55859375 0.7513888888888889 0.56484375 0.7305555555555555 0.565625 0.7055555555555556 0.5640625 0.6958333333333333 0.559375 0.675 0.55234375 0.6666666666666666 0.5375 0.6680555555555555 0.528125 0.6722222222222223 0.5109375 0.6888888888888889 0.5046875 0.7041666666666667 0.5046875 0.7263888888888889 0.50859375 0.7388888888888889
0 0.43046875 0.7680555555555556 0.4453125 0.7902777777777777 0.45625 0.8013888888888889 0.48125 0.8 0.48828125 0.7875 0.49453125 0.7597222222222222 0.490625 0.7236111111111111 0.4875 0.7166666666666667 0.47421875 0.7055555555555556 0.459375 0.7027777777777777 0.44375 0.7055555555555556 0.4328125 0.7152777777777778 0.42734375 0.7319444444444444 0.4265625 0.7555555555555555 0.43046875 0.7680555555555556
0 0.43828125 0.6152777777777778 0.44296875 0.6194444444444445 0.45 0.6194444444444445 0.4546875 0.6222222222222222 0.46328125 0.6194444444444445 0.46640625 0.6152777777777778 0.4765625 0.5861111111111111 0.4796875 0.5666666666666667 0.478125 0.5472222222222223 0.4671875 0.5291666666666667 0.46328125 0.5263888888888889 0.4578125 0.5263888888888889 0.446875 0.5458333333333333 0.44375 0.5569444444444445 0.4375 0.5986111111111111 0.43828125 0.6152777777777778
0 0.43203125 0.49583333333333335 0.43515625 0.5027777777777778 0.43828125 0.5041666666666667 0.44609375 0.5166666666666667 0.4625 0.5152777777777777 0.4734375 0.5097222222222222 0.4765625 0.5069444444444444 0.48515625 0.4875 0.4828125 0.46805555555555556 0.4796875 0.4625 0.478125 0.45416666666666666 0.47578125 0.45 0.46171875 0.44166666666666665 0.45078125 0.44583333333333336 0.44609375 0.45416666666666666 0.43984375 0.4597222222222222 0.4296875 0.4791666666666667 0.42890625 0.4847222222222222 0.43203125 0.49583333333333335
0 0.475 0.44722222222222224 0.4875 0.4847222222222222 0.490625 0.4875 0.49453125 0.4861111111111111 0.5015625 0.4583333333333333 0.50234375 0.43472222222222223 0.5 0.4305555555555556 0.49921875 0.4263888888888889 0.4953125 0.4222222222222222 0.4859375 0.4222222222222222 0.4828125 0.4236111111111111 0.47734375 0.43333333333333335 0.475 0.44166666666666665 0.475 0.44722222222222224
0 0.46875 0.41388888888888886 0.47265625 0.42777777777777776 0.478125 0.42916666666666664 0.48515625 0.4222222222222222 0.4890625 0.42083333333333334 0.49609375 0.42083333333333334 0.49765625 0.4222222222222222 0.5 0.41805555555555557 0.50234375 0.40694444444444444 0.50234375 0.4013888888888889 0.5046875 0.3902777777777778 0.5046875 0.3819444444444444 0.5015625 0.37222222222222223 0.49765625 0.3680555555555556 0.48984375 0.36527777777777776 0.48203125 0.36944444444444446 0.47578125 0.37916666666666665 0.47109375 0.39166666666666666 0.46875 0.4 0.46875 0.41388888888888886
0 0.50625 0.5194444444444445 0.51328125 0.5263888888888889 0.52578125 0.5263888888888889 0.52890625 0.525 0.53984375 0.5083333333333333 0.540625 0.49583333333333335 0.53828125 0.4513888888888889 0.54140625 0.4388888888888889 0.53984375 0.4236111111111111 0.53203125 0.4 0.52578125 0.3958333333333333 0.51484375 0.3972222222222222 0.50859375 0.4152777777777778 0.50078125 0.4486111111111111 0.4984375 0.49027777777777776 0.50625 0.5194444444444445
0 0.53984375 0.4722222222222222 0.5421875 0.49027777777777776 0.5453125 0.49583333333333335 0.5671875 0.5125 0.58125 0.5152777777777777 0.58671875 0.5125 0.58984375 0.49722222222222223 0.58984375 0.4791666666666667 0.5875 0.4666666666666667 0.57578125 0.4486111111111111 0.56328125 0.4361111111111111 0.5546875 0.43194444444444446 0.54921875 0.43194444444444446 0.54140625 0.44305555555555554 0.5390625 0.4513888888888889 0.53984375 0.4722222222222222