0 0.40546875 0.6888888888888889 0.40859375 0.7013888888888888 0.42421875 0.7208333333333333 0.43828125 0.7472222222222222 0.44140625 0.75 0.44765625 0.7486111111111111 0.45390625 0.7388888888888889 0.45703125 0.7291666666666666 0.4578125 0.7208333333333333 0.45703125 0.7027777777777777 0.453125 0.6916666666666667 0.446875 0.6819444444444445 0.42578125 0.6625 0.4203125 0.6625 0.41796875 0.6694444444444444 0.415625 0.6694444444444444 0.40703125 0.6805555555555556 0.40546875 0.6833333333333333 0.40546875 0.6888888888888889
0 0.503125 0.6236111111111111 0.51171875 0.6388888888888888 0.51484375 0.6402777777777777 0.52734375 0.6152777777777778 0.5265625 0.5847222222222223 0.5140625 0.5722222222222222 0.5 0.5777777777777777 0.490625 0.5944444444444444 0.48671875 0.6152777777777778 0.503125 0.6236111111111111
0 0.4671875 0.6347222222222222 0.47421875 0.6347222222222222 0.48515625 0.6138888888888889 0.49140625 0.5847222222222223 0.490625 0.5708333333333333 0.47734375 0.5555555555555556 0.46640625 0.5541666666666667 0.459375 0.5597222222222222 0.45625 0.5722222222222222 0.459375 0.6263888888888889 0.4671875 0.6347222222222222
0 0.4171875 0.5888888888888889 0.43828125 0.6027777777777777 0.44375 0.5972222222222222 0.44609375 0.5666666666666667 0.4390625 0.5513888888888889 0.42109375 0.5430555555555555 0.41484375 0.5486111111111112 0.4109375 0.5611111111111111 0.41015625 0.5763888888888888 0.4171875 0.5888888888888889
0 0.4203125 0.6430555555555556 0.425 0.6569444444444444 0.43359375 0.6569444444444444 0.4421875 0.6458333333333334 0.4421875 0.6180555555555556 0.43046875 0.5958333333333333 0.4109375 0.5888888888888889 0.40078125 0.6055555555555555 0.403125 0.625 0.4203125 0.6430555555555556
0 0.484375 0.6875 0.49921875 0.6930555555555555 0.509375 0.6763888888888889 0.5140625 0.6555555555555556 0.5125 0.6430555555555556 0.5015625 0.6236111111111111 0.4890625 0.6208333333333333 0.47578125 0.6402777777777777 0.47421875 0.6583333333333333 0.484375 0.6875
0 0.39375 0.6888888888888889 0.41171875 0.7097222222222223 0.41484375 0.7097222222222223 0.4125 0.6916666666666667 0.42734375 0.6652777777777777 0.4171875 0.6388888888888888 0.40859375 0.6319444444444444 0.4015625 0.6333333333333333 0.38828125 0.6597222222222222 0.38671875 0.6680555555555555 0.39375 0.6888888888888889
0 0.375 0.7375 0.38359375 0.7458333333333333 0.39375 0.7388888888888889 0.396875 0.7069444444444445 0.38359375 0.6680555555555555 0.3734375 0.6666666666666666 0.35546875 0.6902777777777778 0.35703125 0.7125 0.375 0.7375
0 0.4140625 0.7861111111111111 0.4203125 0.7916666666666666 0.43125 0.7916666666666666 0.44140625 0.7791666666666667 0.43984375 0.7541666666666667 0.4203125 0.7180555555555556 0.40390625 0.7125 0.39765625 0.7222222222222222 0.3953125 0.7375 0.3953125 0.7625 0.4140625 0.7861111111111111
0 0.60859375 0.7236111111111111 0.621875 0.7416666666666667 0.63046875 0.7416666666666667 0.64296875 0.7180555555555556 0.6421875 0.6972222222222222 0.63046875 0.6847222222222222 0.61484375 0.6819444444444445 0.60703125 0.6944444444444444 0.60546875 0.7083333333333334 0.60859375 0.7236111111111111
0 0.6890625 0.6625 0.70625 0.6666666666666666 0.7140625 0.6569444444444444 0.715625 0.6347222222222222 0.71171875 0.6194444444444445 0.69453125 0.6180555555555556 0.68125 0.6305555555555555 0.68046875 0.6472222222222223 0.6890625 0.6625
0 0.71875 0.7347222222222223 0.7265625 0.725 0.73125 0.7069444444444445 0.73125 0.6930555555555555 0.72265625 0.6847222222222222 0.71328125 0.6902777777777778 0.70703125 0.7027777777777777 0.7078125 0.725 0.71875 0.7347222222222223
0 0.65859375 0.8222222222222222 0.66796875 0.8166666666666667 0.67578125 0.8041666666666667 0.68203125 0.7902777777777777 0.6828125 0.7763888888888889 0.67265625 0.7625 0.66484375 0.7625 0.65 0.7888888888888889 0.64921875 0.8097222222222222 0.65859375 0.8222222222222222
0 0.71015625 0.8486111111111111 0.71640625 0.8569444444444444 0.728125 0.8527777777777777 0.73515625 0.8347222222222223 0.73515625 0.8222222222222222 0.7296875 0.8027777777777778 0.715625 0.7888888888888889 0.709375 0.7902777777777777 0.703125 0.8013888888888889 0.70234375 0.8180555555555555 0.71015625 0.8486111111111111
0 0.4578125 0.7027777777777777 0.45859375 0.7041666666666667 0.459375 0.7194444444444444 0.46171875 0.7263888888888889 0.46875 0.7375 0.475 0.7375 0.48046875 0.7319444444444444 0.49140625 0.7111111111111111 0.4953125 0.7027777777777777 0.49609375 0.6986111111111111 0.49296875 0.6930555555555555 0.4875 0.6916666666666667 0.47734375 0.6847222222222222 0.47421875 0.6847222222222222 0.45859375 0.6958333333333333 0.4578125 0.6972222222222222 0.4578125 0.7027777777777777