0 0.56875 0.6583333333333333 0.58828125 0.6555555555555556 0.59609375 0.6597222222222222 0.603125 0.6430555555555556 0.6046875 0.6208333333333333 0.59921875 0.6069444444444444 0.584375 0.6 0.57734375 0.6041666666666666 0.56640625 0.6277777777777778 0.565625 0.6541666666666667 0.56875 0.6583333333333333
0 0.5734375 0.7305555555555555 0.59453125 0.7305555555555555 0.60625 0.7083333333333334 0.60078125 0.675 0.59375 0.6597222222222222 0.58515625 0.6555555555555556 0.57265625 0.6597222222222222 0.56484375 0.6777777777777778 0.56484375 0.7069444444444445 0.5734375 0.7305555555555555
0 0.56484375 0.7819444444444444 0.58125 0.8041666666666667 0.59609375 0.7958333333333333 0.60625 0.775 0.6015625 0.7416666666666667 0.5953125 0.7333333333333333 0.578125 0.7319444444444444 0.5640625 0.7486111111111111 0.5625 0.7722222222222223 0.56484375 0.7819444444444444
0 0.68515625 0.6555555555555556 0.69921875 0.6666666666666666 0.7125 0.6611111111111111 0.715625 0.6472222222222223 0.71484375 0.625 0.70859375 0.6180555555555556 0.69375 0.6194444444444445 0.68203125 0.6388888888888888 0.68125 0.6486111111111111 0.68515625 0.6555555555555556
0 0.71328125 0.7361111111111112 0.7234375 0.7333333333333333 0.73125 0.7055555555555556 0.73046875 0.6902777777777778 0.725 0.6847222222222222 0.71640625 0.6875 0.7078125 0.6986111111111111 0.70625 0.7083333333333334 0.70625 0.7291666666666666 0.71328125 0.7361111111111112
0 0.7109375 0.8513888888888889 0.71640625 0.8569444444444444 0.72890625 0.8513888888888889 0.73515625 0.8347222222222223 0.73515625 0.8208333333333333 0.73046875 0.8041666666666667 0.715625 0.7888888888888889 0.709375 0.7902777777777777 0.703125 0.8013888888888889 0.703125 0.8236111111111111 0.7109375 0.8513888888888889
0 0.6546875 0.8236111111111111 0.66171875 0.8222222222222222 0.66953125 0.8152777777777778 0.6796875 0.7958333333333333 0.6828125 0.7763888888888889 0.67265625 0.7625 0.66484375 0.7625 0.64921875 0.7930555555555555 0.65 0.8180555555555555 0.6546875 0.8236111111111111
0 0.52578125 0.6625 0.53515625 0.6805555555555556 0.546875 0.6805555555555556 0.55546875 0.6638888888888889 0.5609375 0.6333333333333333 0.5578125 0.6111111111111112 0.5484375 0.5972222222222222 0.534375 0.5972222222222222 0.5234375 0.6097222222222223 0.521875 0.6291666666666667 0.52578125 0.6625
0 0.4765625 0.6583333333333333 0.49609375 0.6527777777777778 0.5078125 0.6569444444444444 0.509375 0.6527777777777778 0.50625 0.6166666666666667 0.4984375 0.6055555555555555 0.48046875 0.6013888888888889 0.46953125 0.6222222222222222 0.471875 0.6486111111111111 0.4765625 0.6583333333333333
0 0.46953125 0.6958333333333333 0.47734375 0.7152777777777778 0.4921875 0.7027777777777777 0.51015625 0.7194444444444444 0.515625 0.7152777777777778 0.51796875 0.6875 0.50859375 0.6569444444444444 0.49140625 0.6541666666666667 0.48125 0.6583333333333333 0.4734375 0.6694444444444444 0.46953125 0.6819444444444445 0.46953125 0.6958333333333333
0 0.45 0.8055555555555556 0.484375 0.8277777777777777 0.4921875 0.8291666666666667 0.49375 0.825 0.49140625 0.7902777777777777 0.46953125 0.7541666666666667 0.46328125 0.7569444444444444 0.446875 0.7861111111111111 0.44609375 0.8 0.45 0.8055555555555556
0 0.51484375 0.8444444444444444 0.5359375 0.85 0.5515625 0.8486111111111111 0.55546875 0.8416666666666667 0.5546875 0.8194444444444444 0.53359375 0.7902777777777777 0.51328125 0.7930555555555555 0.50703125 0.8152777777777778 0.50390625 0.8347222222222223 0.51484375 0.8444444444444444
0 0.484375 0.7763888888888889 0.49140625 0.7861111111111111 0.50546875 0.7847222222222222 0.50703125 0.775 0.50390625 0.7472222222222222 0.51171875 0.7236111111111111 0.5046875 0.7111111111111111 0.49765625 0.7041666666666667 0.48984375 0.7055555555555556 0.4765625 0.7236111111111111 0.4734375 0.7361111111111112 0.47265625 0.7541666666666667 0.484375 0.7763888888888889
0 0.5140625 0.7847222222222222 0.53359375 0.7888888888888889 0.546875 0.8055555555555556 0.55703125 0.8097222222222222 0.5625 0.7791666666666667 0.5609375 0.7569444444444444 0.55390625 0.7444444444444445 0.515625 0.7236111111111111 0.5046875 0.7458333333333333 0.50390625 0.7638888888888888 0.5140625 0.7847222222222222