0 0.5375 0.3125 0.5609375 0.3194444444444444 0.5703125 0.30972222222222223 0.56796875 0.28888888888888886 0.54921875 0.2625 0.5390625 0.2625 0.53203125 0.2791666666666667 0.53203125 0.3013888888888889 0.5375 0.3125
0 0.5671875 0.40694444444444444 0.58984375 0.40694444444444444 0.59296875 0.38333333333333336 0.57734375 0.37222222222222223 0.5640625 0.3875 0.5625 0.3958333333333333 0.5671875 0.40694444444444444
0 0.5609375 0.45694444444444443 0.57890625 0.4527777777777778 0.5921875 0.4638888888888889 0.60234375 0.4513888888888889 0.60390625 0.43472222222222223 0.58671875 0.40555555555555556 0.5734375 0.4027777777777778 0.5640625 0.41388888888888886 0.56015625 0.42777777777777776 0.5609375 0.45694444444444443
0 0.56328125 0.5472222222222223 0.57109375 0.5513888888888889 0.5875 0.5375 0.59140625 0.5125 0.59140625 0.475 0.58359375 0.4583333333333333 0.5703125 0.45555555555555555 0.56328125 0.4597222222222222 0.55546875 0.49027777777777776 0.55390625 0.5180555555555556 0.56328125 0.5472222222222223
0 0.58125 0.6527777777777778 0.596875 0.6652777777777777 0.61875 0.6347222222222222 0.6359375 0.5930555555555556 0.6375 0.5805555555555556 0.62578125 0.5638888888888889 0.6140625 0.5625 0.59140625 0.5791666666666667 0.578125 0.6041666666666666 0.5765625 0.6361111111111111 0.58125 0.6527777777777778
0 0.46953125 0.6944444444444444 0.48515625 0.7013888888888888 0.49453125 0.7208333333333333 0.50078125 0.725 0.51015625 0.7152777777777778 0.5140625 0.6638888888888889 0.50546875 0.6402777777777777 0.4890625 0.6347222222222222 0.47421875 0.6416666666666667 0.46484375 0.6555555555555556 0.4640625 0.6708333333333333 0.46953125 0.6944444444444444
0 0.45703125 0.7680555555555556 0.4859375 0.7652777777777777 0.496875 0.7555555555555555 0.49765625 0.7305555555555555 0.4828125 0.6986111111111111 0.4640625 0.6986111111111111 0.45859375 0.7041666666666667 0.45234375 0.7236111111111111 0.4515625 0.75 0.45703125 0.7680555555555556
0 0.3828125 0.7652777777777777 0.41875 0.7722222222222223 0.43515625 0.7680555555555556 0.43671875 0.7388888888888889 0.42109375 0.7055555555555556 0.39765625 0.6916666666666667 0.384375 0.6944444444444444 0.37421875 0.7222222222222222 0.37421875 0.7527777777777778 0.3828125 0.7652777777777777
0 0.36015625 0.7513888888888889 0.36875 0.7472222222222222 0.37734375 0.7069444444444445 0.38515625 0.6888888888888889 0.378125 0.6611111111111111 0.37265625 0.6541666666666667 0.3625 0.6527777777777778 0.3359375 0.6625 0.3328125 0.6722222222222223 0.33359375 0.7069444444444445 0.36015625 0.7513888888888889
0 0.30703125 0.6638888888888889 0.3171875 0.6680555555555555 0.33125 0.6513888888888889 0.33515625 0.6333333333333333 0.33359375 0.6166666666666667 0.31875 0.5833333333333334 0.3 0.5902777777777778 0.2921875 0.6083333333333333 0.2921875 0.6333333333333333 0.30703125 0.6638888888888889
0 0.34140625 0.6236111111111111 0.35546875 0.6208333333333333 0.3640625 0.6013888888888889 0.3671875 0.5722222222222222 0.3640625 0.5569444444444445 0.35625 0.5458333333333333 0.3375 0.5458333333333333 0.31796875 0.5652777777777778 0.31796875 0.5805555555555556 0.34140625 0.6236111111111111
0 0.26953125 0.5819444444444445 0.26796875 0.5916666666666667 0.28203125 0.6041666666666666 0.28984375 0.6069444444444444 0.309375 0.5805555555555556 0.3046875 0.5555555555555556 0.28828125 0.5305555555555556 0.275 0.5263888888888889 0.26484375 0.5430555555555555 0.26328125 0.5569444444444445 0.26953125 0.5819444444444445
0 0.4640625 0.5666666666666667 0.4703125 0.5736111111111111 0.50078125 0.5472222222222223 0.50625 0.5347222222222222 0.50859375 0.5138888888888888 0.5015625 0.4930555555555556 0.4828125 0.4888888888888889 0.46640625 0.4986111111111111 0.45625 0.5194444444444445 0.4578125 0.5444444444444444 0.4640625 0.5666666666666667
0 0.41796875 0.6 0.43046875 0.6180555555555556 0.4390625 0.6180555555555556 0.4453125 0.6111111111111112 0.46328125 0.5777777777777777 0.4515625 0.5416666666666666 0.4421875 0.525 0.425 0.5222222222222223 0.41796875 0.5305555555555556 0.41015625 0.5541666666666667 0.4109375 0.5763888888888888 0.41796875 0.6
0 0.4484375 0.44722222222222224 0.4640625 0.46111111111111114 0.47265625 0.45694444444444443 0.4765625 0.425 0.46953125 0.3972222222222222 0.45390625 0.37916666666666665 0.4421875 0.3958333333333333 0.44375 0.43333333333333335 0.4484375 0.44722222222222224
0 0.3296875 0.4722222222222222 0.33203125 0.48194444444444445 0.340625 0.49027777777777776 0.34375 0.49027777777777776 0.34765625 0.4875 0.365625 0.4625 0.3640625 0.4444444444444444 0.3609375 0.42916666666666664 0.3546875 0.4222222222222222 0.35078125 0.4222222222222222 0.34609375 0.425 0.3375 0.4388888888888889 0.3296875 0.4666666666666667 0.3296875 0.4722222222222222
0 0.359375 0.3972222222222222 0.3640625 0.4041666666666667 0.36484375 0.4083333333333333 0.36953125 0.4166666666666667 0.375 0.42083333333333334 0.39140625 0.42083333333333334 0.396875 0.4166666666666667 0.40078125 0.4097222222222222 0.4015625 0.39305555555555555 0.39921875 0.37916666666666665 0.39375 0.3680555555555556 0.384375 0.3597222222222222 0.37890625 0.3597222222222222 0.3609375 0.3763888888888889 0.3578125 0.3819444444444444 0.35703125 0.3888888888888889 0.359375 0.3972222222222222
0 0.4171875 0.34305555555555556 0.41796875 0.35555555555555557 0.421875 0.3625 0.425 0.36527777777777776 0.42578125 0.3638888888888889 0.42890625 0.3638888888888889 0.43046875 0.3541666666666667 0.4390625 0.34305555555555556 0.4421875 0.3472222222222222 0.44296875 0.3458333333333333 0.44921875 0.35 0.4515625 0.34444444444444444 0.45234375 0.32916666666666666 0.446875 0.3194444444444444 0.44296875 0.31527777777777777 0.43984375 0.31527777777777777 0.4390625 0.3138888888888889 0.425 0.325 0.4171875 0.3347222222222222 0.41640625 0.3416666666666667 0.4171875 0.34305555555555556
0 0.43046875 0.35 0.428125 0.3611111111111111 0.42734375 0.3611111111111111 0.42578125 0.36527777777777776 0.4265625 0.36527777777777776 0.43515625 0.3902777777777778 0.4390625 0.39444444444444443 0.44921875 0.3819444444444444 0.45234375 0.3763888888888889 0.45390625 0.36944444444444446 0.45390625 0.36527777777777776 0.45 0.3527777777777778 0.44296875 0.3416666666666667 0.4359375 0.3416666666666667 0.43125 0.3458333333333333 0.43125 0.35 0.43046875 0.35
0 0.40859375 0.5319444444444444 0.41328125 0.5333333333333333 0.42265625 0.5222222222222223 0.4265625 0.5 0.4328125 0.49583333333333335 0.44609375 0.49583333333333335 0.4484375 0.4888888888888889 0.44765625 0.475 0.4453125 0.46944444444444444 0.43203125 0.45555555555555555 0.41953125 0.45416666666666666 0.4171875 0.45555555555555555 0.40703125 0.47638888888888886 0.4 0.5 0.4 0.5180555555555556 0.40859375 0.5319444444444444
0 0.4171875 0.5277777777777778 0.41953125 0.5277777777777778 0.425 0.5222222222222223 0.4390625 0.5236111111111111 0.4453125 0.5291666666666667 0.44921875 0.5347222222222222 0.45078125 0.5347222222222222 0.45390625 0.5319444444444444 0.4578125 0.5125 0.4578125 0.5055555555555555 0.4546875 0.5 0.45234375 0.49722222222222223 0.44609375 0.49583333333333335 0.4453125 0.49444444444444446 0.43515625 0.49444444444444446 0.42734375 0.5013888888888889 0.425 0.5055555555555555 0.4171875 0.5236111111111111 0.4171875 0.5277777777777778
0 0.40390625 0.4027777777777778 0.40390625 0.41805555555555557 0.40703125 0.4263888888888889 0.40703125 0.4361111111111111 0.4125 0.44722222222222224 0.41875 0.45 0.43203125 0.44305555555555554 0.440625 0.42916666666666664 0.44140625 0.4111111111111111 0.43984375 0.4013888888888889 0.4390625 0.39861111111111114 0.43515625 0.3958333333333333 0.428125 0.3763888888888889 0.425 0.37222222222222223 0.4203125 0.36944444444444446 0.41796875 0.37222222222222223 0.4171875 0.37916666666666665 0.41015625 0.38472222222222224 0.40546875 0.39444444444444443 0.40546875 0.39861111111111114 0.40390625 0.4027777777777778
0 0.40234375 0.39305555555555555 0.40234375 0.39861111111111114 0.403125 0.4013888888888889 0.4046875 0.4013888888888889 0.40546875 0.3972222222222222 0.40859375 0.39166666666666666 0.41640625 0.38472222222222224 0.4171875 0.3861111111111111 0.4234375 0.38472222222222224 0.4234375 0.3861111111111111 0.425 0.3875 0.42578125 0.3861111111111111 0.42578125 0.37777777777777777 0.425 0.37777777777777777 0.42109375 0.3625 0.41953125 0.3611111111111111 0.41640625 0.3541666666666667 0.409375 0.35555555555555557 0.40390625 0.3611111111111111 0.4015625 0.36527777777777776 0.39765625 0.3680555555555556 0.39609375 0.37222222222222223 0.40234375 0.39305555555555555