0 0.57421875 0.3611111111111111 0.5875 0.3625 0.596875 0.35138888888888886 0.6 0.325 0.59453125 0.30972222222222223 0.58046875 0.3 0.56875 0.30833333333333335 0.5625 0.33194444444444443 0.56484375 0.3527777777777778 0.57421875 0.3611111111111111
0 0.48671875 0.49166666666666664 0.4953125 0.49444444444444446 0.509375 0.4861111111111111 0.51796875 0.4513888888888889 0.50625 0.43333333333333335 0.5 0.4305555555555556 0.49453125 0.43472222222222223 0.4859375 0.45555555555555555 0.48125 0.48055555555555557 0.48671875 0.49166666666666664
0 0.528125 0.5027777777777778 0.5421875 0.5097222222222222 0.546875 0.5041666666666667 0.54296875 0.4736111111111111 0.5328125 0.4625 0.51875 0.4625 0.5125 0.4847222222222222 0.51484375 0.5055555555555555 0.528125 0.5027777777777778
0 0.55546875 0.5625 0.5796875 0.5819444444444445 0.584375 0.5833333333333334 0.5921875 0.575 0.5953125 0.5416666666666666 0.58046875 0.5111111111111111 0.55703125 0.49444444444444446 0.54609375 0.5125 0.5453125 0.525 0.55546875 0.5625
0 0.44140625 0.575 0.459375 0.5916666666666667 0.47734375 0.5875 0.4875 0.5777777777777777 0.49296875 0.5638888888888889 0.48515625 0.5263888888888889 0.47734375 0.5194444444444445 0.4609375 0.5236111111111111 0.44921875 0.5347222222222222 0.44140625 0.55 0.4390625 0.5625 0.44140625 0.575
0 0.48515625 0.5263888888888889 0.49453125 0.5541666666666667 0.5015625 0.5555555555555556 0.5078125 0.5402777777777777 0.5109375 0.5083333333333333 0.509375 0.49583333333333335 0.48671875 0.49166666666666664 0.4828125 0.49722222222222223 0.47890625 0.5180555555555556 0.48515625 0.5263888888888889
0 0.5203125 0.5986111111111111 0.5359375 0.5986111111111111 0.5484375 0.5791666666666667 0.54921875 0.5527777777777778 0.53984375 0.5083333333333333 0.52734375 0.5013888888888889 0.515625 0.5027777777777778 0.50859375 0.5180555555555556 0.50703125 0.5333333333333333 0.50625 0.5652777777777778 0.5203125 0.5986111111111111
0 0.45390625 0.6986111111111111 0.459375 0.7083333333333334 0.46796875 0.7069444444444445 0.47734375 0.6944444444444444 0.4828125 0.6777777777777778 0.48515625 0.6375 0.4796875 0.625 0.46796875 0.6138888888888889 0.4625 0.6138888888888889 0.45078125 0.6333333333333333 0.44921875 0.6541666666666667 0.45390625 0.6986111111111111
0 0.52421875 0.8333333333333334 0.5328125 0.8416666666666667 0.55234375 0.8416666666666667 0.5640625 0.8513888888888889 0.56875 0.8472222222222222 0.57578125 0.8097222222222222 0.57265625 0.7847222222222222 0.5640625 0.7652777777777777 0.5421875 0.7708333333333334 0.521875 0.7944444444444444 0.51953125 0.8194444444444444 0.52421875 0.8333333333333334
0 0.53046875 0.9125 0.55703125 0.9208333333333333 0.5609375 0.9180555555555555 0.56875 0.8944444444444445 0.56953125 0.8722222222222222 0.56640625 0.8583333333333333 0.553125 0.8430555555555556 0.5328125 0.8430555555555556 0.5203125 0.8694444444444445 0.52109375 0.8986111111111111 0.53046875 0.9125
0 0.45546875 0.8819444444444444 0.47890625 0.9083333333333333 0.50078125 0.9027777777777778 0.51171875 0.8888888888888888 0.5109375 0.85 0.49609375 0.8347222222222223 0.48125 0.8277777777777777 0.4671875 0.8291666666666667 0.45859375 0.8375 0.453125 0.8569444444444444 0.4515625 0.8666666666666667 0.45546875 0.8819444444444444
0 0.603125 0.9305555555555556 0.6203125 0.9361111111111111 0.64375 0.9375 0.6546875 0.9 0.6484375 0.8708333333333333 0.640625 0.8569444444444444 0.63359375 0.8527777777777777 0.615625 0.8680555555555556 0.6 0.8930555555555556 0.5984375 0.9083333333333333 0.603125 0.9305555555555556
0 0.6640625 0.9222222222222223 0.6703125 0.9305555555555556 0.68046875 0.9305555555555556 0.71328125 0.8902777777777777 0.7171875 0.8680555555555556 0.7125 0.8555555555555555 0.70390625 0.8472222222222222 0.678125 0.8486111111111111 0.66171875 0.8652777777777778 0.65703125 0.8805555555555555 0.65625 0.8902777777777777 0.6640625 0.9222222222222223
0 0.71953125 0.8597222222222223 0.7296875 0.8611111111111112 0.7390625 0.8555555555555555 0.74453125 0.8458333333333333 0.7515625 0.8083333333333333 0.74296875 0.7958333333333333 0.72265625 0.7916666666666666 0.7078125 0.8166666666666667 0.70859375 0.8472222222222222 0.71953125 0.8597222222222223
0 0.70234375 0.7972222222222223 0.7078125 0.8027777777777778 0.73046875 0.7888888888888889 0.7375 0.7680555555555556 0.7359375 0.7444444444444445 0.72421875 0.725 0.70546875 0.7361111111111112 0.69609375 0.7569444444444444 0.69609375 0.775 0.70234375 0.7972222222222223
0 0.615625 0.7513888888888889 0.6328125 0.7680555555555556 0.640625 0.7638888888888888 0.65234375 0.7319444444444444 0.65546875 0.7125 0.65390625 0.6944444444444444 0.6390625 0.6736111111111112 0.6265625 0.6708333333333333 0.615625 0.6847222222222222 0.609375 0.7027777777777777 0.60859375 0.7180555555555556 0.615625 0.7513888888888889
0 0.65 0.6819444444444445 0.65390625 0.6916666666666667 0.6578125 0.6916666666666667 0.67265625 0.6208333333333333 0.66640625 0.5958333333333333 0.653125 0.5916666666666667 0.64375 0.5986111111111111 0.63125 0.6291666666666667 0.63125 0.6625 0.65 0.6819444444444445
0 0.60234375 0.7069444444444445 0.6046875 0.7069444444444445 0.62734375 0.6638888888888889 0.62734375 0.6388888888888888 0.61875 0.6291666666666667 0.60390625 0.6319444444444444 0.5953125 0.6597222222222222 0.59453125 0.6736111111111112 0.60234375 0.7069444444444445
0 0.55859375 0.6791666666666667 0.56875 0.7013888888888888 0.57421875 0.7041666666666667 0.58359375 0.6930555555555555 0.5921875 0.6722222222222223 0.60078125 0.625 0.5953125 0.6069444444444444 0.584375 0.5986111111111111 0.575 0.5986111111111111 0.56640625 0.6055555555555555 0.56015625 0.6194444444444445 0.55546875 0.6444444444444445 0.55859375 0.6791666666666667
0 0.75 0.6763888888888889 0.7546875 0.6819444444444445 0.76875 0.6777777777777778 0.78203125 0.6430555555555556 0.7765625 0.5833333333333334 0.7546875 0.5763888888888888 0.7515625 0.5875 0.753125 0.6069444444444444 0.746875 0.625 0.746875 0.6638888888888889 0.75 0.6763888888888889
0 0.68828125 0.5541666666666667 0.69921875 0.5944444444444444 0.71015625 0.6013888888888889 0.71953125 0.5833333333333334 0.72421875 0.5430555555555555 0.715625 0.5222222222222223 0.70234375 0.5041666666666667 0.68671875 0.5111111111111111 0.68515625 0.5291666666666667 0.68828125 0.5541666666666667
0 0.66171875 0.5041666666666667 0.68203125 0.5208333333333334 0.6859375 0.5111111111111111 0.7015625 0.5 0.70546875 0.4708333333333333 0.69375 0.45694444444444443 0.6765625 0.45416666666666666 0.66484375 0.4652777777777778 0.65859375 0.48055555555555557 0.6578125 0.4930555555555556 0.66171875 0.5041666666666667
0 0.65234375 0.46944444444444444 0.65703125 0.47638888888888886 0.67578125 0.4527777777777778 0.67578125 0.42777777777777776 0.66796875 0.41388888888888886 0.6578125 0.41388888888888886 0.65 0.4263888888888889 0.64765625 0.44722222222222224 0.65234375 0.46944444444444444