0 0.51875 0.37777777777777777 0.53671875 0.36666666666666664 0.5421875 0.3458333333333333 0.53984375 0.3333333333333333 0.53125 0.32083333333333336 0.52109375 0.32222222222222224 0.51015625 0.3388888888888889 0.50859375 0.3541666666666667 0.51875 0.37777777777777777
0 0.52890625 0.43472222222222223 0.5359375 0.4222222222222222 0.54296875 0.39444444444444443 0.540625 0.3763888888888889 0.534375 0.36944444444444446 0.5234375 0.3736111111111111 0.51796875 0.3819444444444444 0.51015625 0.4097222222222222 0.51015625 0.4236111111111111 0.52890625 0.43472222222222223
0 0.48125 0.44722222222222224 0.50703125 0.425 0.509375 0.4041666666666667 0.5046875 0.39444444444444443 0.4890625 0.3888888888888889 0.47734375 0.3958333333333333 0.4734375 0.4083333333333333 0.471875 0.43333333333333335 0.48125 0.44722222222222224
0 0.48125 0.4625 0.48359375 0.4875 0.49140625 0.5 0.5015625 0.5013888888888889 0.5265625 0.4652777777777778 0.52734375 0.4513888888888889 0.5203125 0.4305555555555556 0.5078125 0.4263888888888889 0.48984375 0.4388888888888889 0.48125 0.45 0.48125 0.4625
0 0.45234375 0.5180555555555556 0.459375 0.5236111111111111 0.4703125 0.5208333333333334 0.4765625 0.5111111111111111 0.48125 0.49166666666666664 0.48203125 0.4736111111111111 0.478125 0.45 0.47265625 0.4388888888888889 0.46328125 0.43194444444444446 0.4453125 0.44583333333333336 0.44453125 0.4847222222222222 0.45234375 0.5180555555555556
0 0.43125 0.4777777777777778 0.44296875 0.4777777777777778 0.44609375 0.44583333333333336 0.4578125 0.43472222222222223 0.4578125 0.425 0.44453125 0.41388888888888886 0.43046875 0.4166666666666667 0.4265625 0.425 0.4265625 0.4583333333333333 0.43125 0.4777777777777778
0 0.421875 0.5444444444444444 0.440625 0.5263888888888889 0.446875 0.5111111111111111 0.446875 0.5013888888888889 0.440625 0.48194444444444445 0.4296875 0.4791666666666667 0.41328125 0.4930555555555556 0.4078125 0.5083333333333333 0.40859375 0.5208333333333334 0.421875 0.5444444444444444
0 0.3734375 0.6472222222222223 0.38046875 0.65 0.4 0.6138888888888889 0.4046875 0.5833333333333334 0.3984375 0.5736111111111111 0.38671875 0.5708333333333333 0.36953125 0.5805555555555556 0.36015625 0.6 0.36171875 0.6222222222222222 0.3734375 0.6472222222222223
0 0.32421875 0.6388888888888888 0.334375 0.6305555555555555 0.35 0.6291666666666667 0.3515625 0.6125 0.3484375 0.6013888888888889 0.33828125 0.5888888888888889 0.33046875 0.5875 0.31640625 0.6083333333333333 0.31484375 0.6236111111111111 0.32421875 0.6388888888888888
0 0.3328125 0.6847222222222222 0.3546875 0.6986111111111111 0.3625 0.6986111111111111 0.37265625 0.6736111111111112 0.37109375 0.6527777777777778 0.353125 0.6361111111111111 0.33671875 0.6333333333333333 0.32734375 0.6430555555555556 0.3328125 0.6847222222222222
0 0.3 0.6958333333333333 0.3078125 0.7027777777777777 0.3265625 0.6819444444444445 0.328125 0.6680555555555555 0.32421875 0.6472222222222223 0.30703125 0.6194444444444445 0.29453125 0.6277777777777778 0.28828125 0.65 0.290625 0.6763888888888889 0.3 0.6958333333333333
0 0.3265625 0.7652777777777777 0.3421875 0.775 0.346875 0.7680555555555556 0.3484375 0.7361111111111112 0.35859375 0.7138888888888889 0.359375 0.7027777777777777 0.33359375 0.6861111111111111 0.31796875 0.7222222222222222 0.3203125 0.7555555555555555 0.3265625 0.7652777777777777
0 0.39375 0.7430555555555556 0.40234375 0.7375 0.4125 0.7097222222222223 0.4109375 0.6819444444444445 0.40078125 0.6694444444444444 0.3875 0.6694444444444444 0.375 0.6930555555555555 0.37265625 0.7097222222222223 0.39375 0.7430555555555556
0 0.35859375 0.7791666666666667 0.38046875 0.7875 0.39765625 0.7736111111111111 0.39296875 0.7444444444444445 0.37109375 0.7111111111111111 0.35859375 0.7152777777777778 0.3484375 0.7375 0.3484375 0.7652777777777777 0.35859375 0.7791666666666667
0 0.39296875 0.8541666666666666 0.396875 0.8527777777777777 0.4015625 0.8319444444444445 0.40546875 0.8277777777777777 0.4203125 0.8166666666666667 0.43203125 0.8166666666666667 0.428125 0.7944444444444444 0.41953125 0.7819444444444444 0.3921875 0.7833333333333333 0.38203125 0.7888888888888889 0.37890625 0.7958333333333333 0.38046875 0.8319444444444445 0.39296875 0.8541666666666666
0 0.40703125 0.8833333333333333 0.425 0.8916666666666667 0.44609375 0.8944444444444445 0.4578125 0.8861111111111111 0.4625 0.8694444444444445 0.46171875 0.8486111111111111 0.44453125 0.8208333333333333 0.4140625 0.8208333333333333 0.4015625 0.8347222222222223 0.3984375 0.85 0.3984375 0.8652777777777778 0.40703125 0.8833333333333333
0 0.46171875 0.8430555555555556 0.47109375 0.8444444444444444 0.47734375 0.8291666666666667 0.4796875 0.7944444444444444 0.49453125 0.7833333333333333 0.4953125 0.7583333333333333 0.484375 0.7444444444444445 0.4703125 0.7444444444444445 0.45625 0.7597222222222222 0.446875 0.7819444444444444 0.44765625 0.8180555555555555 0.46171875 0.8430555555555556
0 0.490625 0.8763888888888889 0.5046875 0.875 0.5203125 0.8527777777777777 0.51953125 0.8111111111111111 0.5125 0.7958333333333333 0.48828125 0.7916666666666666 0.48046875 0.7944444444444444 0.478125 0.8055555555555556 0.478125 0.8513888888888889 0.490625 0.8763888888888889
0 0.5359375 0.8513888888888889 0.55234375 0.8388888888888889 0.5609375 0.8055555555555556 0.55859375 0.7902777777777777 0.546875 0.7777777777777778 0.53046875 0.7791666666666667 0.5203125 0.8013888888888889 0.5234375 0.8402777777777778 0.5359375 0.8513888888888889
0 0.52734375 0.7736111111111111 0.55625 0.7763888888888889 0.57421875 0.7527777777777778 0.58046875 0.7263888888888889 0.5796875 0.7083333333333334 0.57421875 0.6888888888888889 0.55546875 0.6916666666666667 0.534375 0.7041666666666667 0.5203125 0.7277777777777777 0.51953125 0.7416666666666667 0.52734375 0.7736111111111111
0 0.43203125 0.7694444444444445 0.44609375 0.7708333333333334 0.4703125 0.7430555555555556 0.4734375 0.7236111111111111 0.4703125 0.7111111111111111 0.459375 0.6958333333333333 0.4359375 0.6944444444444444 0.42734375 0.7041666666666667 0.42109375 0.7291666666666666 0.42109375 0.7541666666666667 0.43203125 0.7694444444444445
0 0.46171875 0.6958333333333333 0.475 0.7111111111111111 0.484375 0.7055555555555556 0.49140625 0.6819444444444445 0.48828125 0.6527777777777778 0.4796875 0.6416666666666667 0.46875 0.6375 0.45859375 0.6541666666666667 0.45703125 0.675 0.46171875 0.6958333333333333
0 0.59140625 0.8027777777777778 0.596875 0.8055555555555556 0.61953125 0.7722222222222223 0.6265625 0.7541666666666667 0.62734375 0.7402777777777778 0.62109375 0.7236111111111111 0.60390625 0.7180555555555556 0.5921875 0.7319444444444444 0.58515625 0.75 0.58671875 0.7888888888888889 0.59140625 0.8027777777777778