0 0.5171875 0.32083333333333336 0.521875 0.33194444444444443 0.528125 0.33194444444444443 0.52890625 0.33055555555555555 0.54609375 0.33194444444444443 0.55234375 0.3236111111111111 0.55234375 0.3138888888888889 0.55078125 0.30694444444444446 0.54609375 0.2986111111111111 0.53984375 0.2916666666666667 0.53515625 0.2916666666666667 0.528125 0.29583333333333334 0.521875 0.30277777777777776 0.51796875 0.3111111111111111 0.51796875 0.3194444444444444 0.5171875 0.32083333333333336
0 0.52890625 0.37083333333333335 0.5328125 0.37777777777777777 0.5359375 0.3902777777777778 0.53671875 0.3902777777777778 0.5375 0.3861111111111111 0.54296875 0.37916666666666665 0.54453125 0.3736111111111111 0.54765625 0.3680555555555556 0.55078125 0.35555555555555557 0.55078125 0.3486111111111111 0.546875 0.3333333333333333 0.5375 0.33194444444444443 0.53671875 0.33055555555555555 0.528125 0.33194444444444443 0.521875 0.3402777777777778 0.51796875 0.35138888888888886 0.5171875 0.3597222222222222 0.52890625 0.37083333333333335
0 0.48046875 0.35694444444444445 0.48046875 0.3625 0.4875 0.3763888888888889 0.490625 0.3763888888888889 0.5078125 0.36527777777777776 0.5140625 0.35833333333333334 0.5140625 0.35138888888888886 0.509375 0.3388888888888889 0.49765625 0.32916666666666666 0.4953125 0.32916666666666666 0.49453125 0.3277777777777778 0.4875 0.33611111111111114 0.48359375 0.34305555555555556 0.48359375 0.3486111111111111 0.48046875 0.35694444444444445
0 0.43203125 0.3902777777777778 0.4359375 0.3972222222222222 0.44609375 0.40555555555555556 0.44921875 0.4 0.46015625 0.3527777777777778 0.4484375 0.34305555555555556 0.44140625 0.34305555555555556 0.4375 0.3472222222222222 0.43359375 0.3541666666666667 0.43125 0.3611111111111111 0.43046875 0.3819444444444444 0.43203125 0.3902777777777778
0 0.45390625 0.42916666666666664 0.45390625 0.43472222222222223 0.45703125 0.4444444444444444 0.46328125 0.4486111111111111 0.4734375 0.4486111111111111 0.4796875 0.44027777777777777 0.484375 0.4263888888888889 0.48515625 0.3819444444444444 0.48359375 0.375 0.47734375 0.3611111111111111 0.47109375 0.35555555555555557 0.4625 0.3541666666666667 0.459375 0.35694444444444445 0.4546875 0.36944444444444446 0.45 0.39166666666666666 0.44921875 0.4097222222222222 0.45390625 0.42916666666666664
0 0.49140625 0.42916666666666664 0.496875 0.43472222222222223 0.50625 0.43472222222222223 0.521875 0.4222222222222222 0.53203125 0.4083333333333333 0.53515625 0.3972222222222222 0.53203125 0.3763888888888889 0.5265625 0.3680555555555556 0.51875 0.3625 0.51171875 0.3625 0.49375 0.3736111111111111 0.48828125 0.38055555555555554 0.4875 0.42083333333333334 0.49140625 0.42916666666666664
0 0.41015625 0.42916666666666664 0.4109375 0.44166666666666665 0.4203125 0.46111111111111114 0.42421875 0.46111111111111114 0.44375 0.44583333333333336 0.4484375 0.4375 0.44921875 0.43194444444444446 0.4484375 0.4166666666666667 0.44609375 0.40694444444444444 0.44375 0.4027777777777778 0.43515625 0.3972222222222222 0.43125 0.3972222222222222 0.42265625 0.4013888888888889 0.409375 0.42083333333333334 0.40859375 0.425 0.41015625 0.42916666666666664
0 0.3546875 0.5208333333333334 0.35546875 0.525 0.36328125 0.5388888888888889 0.36796875 0.5430555555555555 0.371875 0.5430555555555555 0.38046875 0.5333333333333333 0.39296875 0.5152777777777777 0.39921875 0.5 0.4 0.4861111111111111 0.39765625 0.475 0.3953125 0.4708333333333333 0.38671875 0.4638888888888889 0.3796875 0.4638888888888889 0.3734375 0.46805555555555556 0.36640625 0.46944444444444444 0.3625 0.4722222222222222 0.35703125 0.48055555555555557 0.35234375 0.49166666666666664 0.3546875 0.5208333333333334
0 0.30546875 0.4986111111111111 0.31015625 0.5097222222222222 0.3125 0.5125 0.3140625 0.5125 0.31640625 0.5083333333333333 0.32265625 0.5041666666666667 0.3375 0.5055555555555555 0.340625 0.49722222222222223 0.340625 0.4875 0.33984375 0.4847222222222222 0.33515625 0.4777777777777778 0.33359375 0.4722222222222222 0.33203125 0.4708333333333333 0.325 0.4708333333333333 0.32421875 0.46944444444444444 0.31875 0.4722222222222222 0.31015625 0.48333333333333334 0.30546875 0.49166666666666664 0.3046875 0.49444444444444446 0.30546875 0.4986111111111111
0 0.275 0.5638888888888889 0.2859375 0.575 0.28984375 0.5736111111111111 0.29296875 0.5763888888888888 0.30078125 0.5708333333333333 0.30546875 0.5638888888888889 0.31171875 0.5486111111111112 0.31015625 0.5208333333333334 0.3078125 0.5097222222222222 0.303125 0.49722222222222223 0.29140625 0.49027777777777776 0.28515625 0.49027777777777776 0.278125 0.5 0.271875 0.5138888888888888 0.2703125 0.5208333333333334 0.26953125 0.5361111111111111 0.275 0.5638888888888889
0 0.31640625 0.5513888888888889 0.32578125 0.5527777777777778 0.33203125 0.5583333333333333 0.334375 0.5666666666666667 0.340625 0.575 0.35546875 0.5722222222222222 0.36015625 0.5666666666666667 0.3640625 0.5527777777777778 0.3640625 0.5472222222222223 0.36015625 0.5361111111111111 0.35234375 0.5222222222222223 0.34140625 0.5166666666666667 0.3359375 0.5083333333333333 0.33125 0.5055555555555555 0.3203125 0.5069444444444444 0.31640625 0.5152777777777777 0.31484375 0.5236111111111111 0.31640625 0.5513888888888889
0 0.29765625 0.6125 0.2984375 0.6222222222222222 0.3171875 0.6486111111111111 0.3203125 0.6513888888888889 0.3265625 0.6486111111111111 0.3296875 0.6430555555555556 0.32734375 0.6277777777777778 0.32734375 0.6166666666666667 0.3296875 0.6041666666666666 0.33515625 0.5833333333333334 0.3421875 0.5736111111111111 0.33125 0.5569444444444445 0.31875 0.5527777777777778 0.3140625 0.5541666666666667 0.309375 0.5597222222222222 0.30234375 0.5736111111111111 0.29453125 0.6027777777777777 0.29765625 0.6125
0 0.36015625 0.5791666666666667 0.36484375 0.5847222222222223 0.375 0.6041666666666666 0.3828125 0.6236111111111111 0.3890625 0.6222222222222222 0.4015625 0.6027777777777777 0.403125 0.5958333333333333 0.40234375 0.5694444444444444 0.39921875 0.5583333333333333 0.39140625 0.5472222222222223 0.384375 0.5430555555555555 0.3734375 0.5472222222222223 0.36875 0.5513888888888889 0.3625 0.5652777777777778 0.36015625 0.5736111111111111 0.36015625 0.5791666666666667
0 0.33046875 0.6430555555555556 0.3421875 0.6638888888888889 0.3484375 0.6666666666666666 0.35390625 0.6666666666666666 0.35546875 0.6694444444444444 0.3578125 0.6680555555555555 0.3609375 0.6652777777777777 0.36875 0.6444444444444445 0.38359375 0.6375 0.38359375 0.6291666666666667 0.37265625 0.6 0.365625 0.5875 0.353125 0.5763888888888888 0.34453125 0.5763888888888888 0.3359375 0.5833333333333334 0.32734375 0.6152777777777778 0.3265625 0.6263888888888889 0.33046875 0.6430555555555556
0 0.45625 0.5777777777777777 0.45859375 0.5805555555555556 0.46328125 0.5819444444444445 0.46875 0.5902777777777778 0.46953125 0.5944444444444444 0.4734375 0.6013888888888889 0.4765625 0.6013888888888889 0.4859375 0.5930555555555556 0.4890625 0.5847222222222223 0.49296875 0.5652777777777778 0.49140625 0.5569444444444445 0.4890625 0.5527777777777778 0.48671875 0.5402777777777777 0.48359375 0.5347222222222222 0.48046875 0.5333333333333333 0.465625 0.5319444444444444 0.4609375 0.5361111111111111 0.45859375 0.5416666666666666 0.45625 0.5569444444444445 0.45625 0.5777777777777777
0 0.41171875 0.6305555555555555 0.41640625 0.6472222222222223 0.428125 0.6638888888888889 0.43515625 0.6611111111111111 0.44453125 0.6388888888888888 0.46875 0.6194444444444445 0.47109375 0.6125 0.46953125 0.5916666666666667 0.465625 0.5861111111111111 0.45625 0.5805555555555556 0.44296875 0.5777777777777777 0.43828125 0.5736111111111111 0.425 0.575 0.421875 0.5777777777777777 0.41484375 0.5972222222222222 0.4109375 0.6222222222222222 0.41171875 0.6305555555555555
0 0.36171875 0.7055555555555556 0.36953125 0.7263888888888889 0.3765625 0.7333333333333333 0.37890625 0.7319444444444444 0.37734375 0.7208333333333333 0.38359375 0.6902777777777778 0.38984375 0.6819444444444445 0.3984375 0.6763888888888889 0.4046875 0.6763888888888889 0.4171875 0.6819444444444445 0.41953125 0.6791666666666667 0.41953125 0.6708333333333333 0.41171875 0.6569444444444444 0.38515625 0.6402777777777777 0.375 0.6416666666666667 0.36796875 0.6458333333333334 0.3625 0.6611111111111111 0.3609375 0.6680555555555555 0.36171875 0.7055555555555556
0 0.37890625 0.7277777777777777 0.3890625 0.75 0.39375 0.7555555555555555 0.415625 0.7638888888888888 0.43359375 0.7652777777777777 0.4453125 0.75 0.45078125 0.7375 0.44921875 0.7236111111111111 0.446875 0.7222222222222222 0.440625 0.6972222222222222 0.434375 0.6888888888888889 0.43046875 0.6888888888888889 0.41796875 0.6791666666666667 0.396875 0.6777777777777778 0.3921875 0.6805555555555556 0.38515625 0.6888888888888889 0.3796875 0.7027777777777777 0.378125 0.7097222222222223 0.37890625 0.7277777777777777
0 0.43671875 0.6736111111111112 0.4359375 0.6861111111111111 0.4421875 0.6986111111111111 0.44453125 0.7138888888888889 0.453125 0.7291666666666666 0.4578125 0.7319444444444444 0.46328125 0.7291666666666666 0.4703125 0.7180555555555556 0.47265625 0.6708333333333333 0.48984375 0.6597222222222222 0.49296875 0.65 0.49375 0.6402777777777777 0.48828125 0.6277777777777778 0.4828125 0.6222222222222222 0.46796875 0.6222222222222222 0.45078125 0.6333333333333333 0.44375 0.6416666666666667 0.4375 0.6569444444444444 0.43515625 0.6680555555555555 0.43671875 0.6736111111111112
0 0.47734375 0.7444444444444445 0.4796875 0.7541666666666667 0.484375 0.7625 0.4921875 0.7638888888888888 0.503125 0.7611111111111111 0.51171875 0.7527777777777778 0.51640625 0.7388888888888889 0.51875 0.7236111111111111 0.52109375 0.7 0.51953125 0.6833333333333333 0.51640625 0.6777777777777778 0.50859375 0.6736111111111112 0.50703125 0.6652777777777777 0.5015625 0.6597222222222222 0.49609375 0.6597222222222222 0.47734375 0.6680555555555555 0.4734375 0.6708333333333333 0.47265625 0.6791666666666667 0.47265625 0.7375 0.47734375 0.7444444444444445
0 0.525 0.7305555555555555 0.5390625 0.7458333333333333 0.55 0.7402777777777778 0.55859375 0.7263888888888889 0.5625 0.7152777777777778 0.56640625 0.6902777777777778 0.565625 0.6791666666666667 0.5625 0.6763888888888889 0.559375 0.6708333333333333 0.559375 0.6680555555555555 0.553125 0.6638888888888889 0.52890625 0.6652777777777777 0.5265625 0.6680555555555555 0.52265625 0.6833333333333333 0.521875 0.7194444444444444 0.525 0.7305555555555555
0 0.52890625 0.6625 0.534375 0.6611111111111111 0.5609375 0.6666666666666666 0.5671875 0.6666666666666666 0.57421875 0.6611111111111111 0.58203125 0.6472222222222223 0.58828125 0.6263888888888889 0.58515625 0.5986111111111111 0.58125 0.5916666666666667 0.56875 0.5861111111111111 0.54140625 0.5888888888888889 0.52890625 0.6055555555555555 0.5234375 0.6180555555555556 0.5234375 0.6430555555555556 0.52890625 0.6625
0 0.59140625 0.6652777777777777 0.59140625 0.6722222222222223 0.59765625 0.6930555555555555 0.60078125 0.6986111111111111 0.60390625 0.6986111111111111 0.62265625 0.6763888888888889 0.6390625 0.6486111111111111 0.640625 0.6430555555555556 0.6390625 0.6291666666666667 0.634375 0.6166666666666667 0.62578125 0.6097222222222223 0.615625 0.6097222222222223 0.6046875 0.6263888888888889 0.5984375 0.6305555555555555 0.59609375 0.6347222222222222 0.59375 0.6458333333333334 0.59375 0.6597222222222222 0.59140625 0.6652777777777777