0 0.478125 0.37222222222222223 0.4875 0.3736111111111111 0.49609375 0.3597222222222222 0.5015625 0.31805555555555554 0.4875 0.3013888888888889 0.47734375 0.3055555555555556 0.47265625 0.31666666666666665 0.4703125 0.35833333333333334 0.478125 0.37222222222222223
0 0.49921875 0.39166666666666666 0.50625 0.39861111111111114 0.52109375 0.3958333333333333 0.52578125 0.36944444444444446 0.5234375 0.34444444444444444 0.51875 0.3333333333333333 0.51328125 0.3277777777777778 0.5046875 0.32916666666666666 0.4984375 0.34444444444444444 0.496875 0.37222222222222223 0.49921875 0.39166666666666666
0 0.53203125 0.3625 0.53828125 0.37916666666666665 0.546875 0.3958333333333333 0.56328125 0.3972222222222222 0.56953125 0.3736111111111111 0.56796875 0.3541666666666667 0.55390625 0.33194444444444443 0.53828125 0.3333333333333333 0.53125 0.3486111111111111 0.53203125 0.3625
0 0.59921875 0.41805555555555557 0.61640625 0.41944444444444445 0.6265625 0.4083333333333333 0.63203125 0.3902777777777778 0.63203125 0.37916666666666665 0.6234375 0.35694444444444445 0.60859375 0.3527777777777778 0.59921875 0.36944444444444446 0.5953125 0.4027777777777778 0.59921875 0.41805555555555557
0 0.565625 0.47638888888888886 0.575 0.49027777777777776 0.584375 0.49444444444444446 0.59765625 0.46805555555555556 0.5984375 0.44027777777777777 0.59140625 0.40694444444444444 0.584375 0.4027777777777778 0.575 0.40555555555555556 0.565625 0.41805555555555557 0.56171875 0.43472222222222223 0.5609375 0.4486111111111111 0.565625 0.47638888888888886
0 0.665625 0.5083333333333333 0.67890625 0.5069444444444444 0.6890625 0.49027777777777776 0.6875 0.45 0.675 0.4305555555555556 0.6640625 0.4388888888888889 0.65546875 0.46944444444444444 0.6546875 0.4875 0.665625 0.5083333333333333
0 0.65078125 0.5791666666666667 0.66796875 0.5944444444444444 0.67265625 0.5930555555555556 0.6890625 0.5416666666666666 0.6890625 0.5277777777777778 0.684375 0.5152777777777777 0.66484375 0.5125 0.65703125 0.5222222222222223 0.64609375 0.5597222222222222 0.6453125 0.5680555555555555 0.65078125 0.5791666666666667
0 0.5921875 0.5597222222222222 0.59921875 0.5736111111111111 0.6046875 0.5763888888888888 0.6140625 0.5763888888888888 0.621875 0.5694444444444444 0.62734375 0.5569444444444445 0.62578125 0.55 0.6296875 0.5263888888888889 0.62734375 0.4861111111111111 0.6203125 0.47638888888888886 0.603125 0.4708333333333333 0.590625 0.48055555555555557 0.58671875 0.4930555555555556 0.58828125 0.5430555555555555 0.5921875 0.5597222222222222
0 0.52734375 0.5611111111111111 0.5359375 0.5736111111111111 0.5453125 0.575 0.56171875 0.5472222222222223 0.5671875 0.5013888888888889 0.56015625 0.48333333333333334 0.54609375 0.48333333333333334 0.5375 0.49166666666666664 0.52265625 0.5194444444444445 0.521875 0.5388888888888889 0.52734375 0.5611111111111111
0 0.4859375 0.5333333333333333 0.5125 0.5361111111111111 0.51953125 0.5305555555555556 0.52890625 0.49444444444444446 0.51953125 0.4625 0.50390625 0.45 0.490625 0.4638888888888889 0.47734375 0.4986111111111111 0.47890625 0.5166666666666667 0.4859375 0.5333333333333333
0 0.45234375 0.48333333333333334 0.4734375 0.5 0.49765625 0.4486111111111111 0.490625 0.4263888888888889 0.47265625 0.41944444444444445 0.46328125 0.4263888888888889 0.45078125 0.4527777777777778 0.4484375 0.4722222222222222 0.45234375 0.48333333333333334
0 0.459375 0.41388888888888886 0.471875 0.4097222222222222 0.48203125 0.38055555555555554 0.4703125 0.35694444444444445 0.4609375 0.35694444444444445 0.45078125 0.36944444444444446 0.45078125 0.39861111111111114 0.459375 0.41388888888888886
0 0.43359375 0.3611111111111111 0.4390625 0.36666666666666664 0.446875 0.36527777777777776 0.459375 0.35138888888888886 0.46171875 0.3194444444444444 0.45546875 0.30972222222222223 0.4453125 0.30833333333333335 0.43203125 0.33194444444444443 0.43046875 0.3472222222222222 0.43359375 0.3611111111111111
0 0.38671875 0.3902777777777778 0.396875 0.375 0.40703125 0.36944444444444446 0.40859375 0.3375 0.40234375 0.3277777777777778 0.39296875 0.325 0.38515625 0.3375 0.378125 0.3611111111111111 0.38046875 0.38472222222222224 0.38671875 0.3902777777777778
0 0.3890625 0.43472222222222223 0.39296875 0.4388888888888889 0.40390625 0.4388888888888889 0.41953125 0.4111111111111111 0.4171875 0.38333333333333336 0.40859375 0.37222222222222223 0.39609375 0.3763888888888889 0.38515625 0.3972222222222222 0.38515625 0.4166666666666667 0.3890625 0.43472222222222223
0 0.37890625 0.5347222222222222 0.39296875 0.5305555555555556 0.41171875 0.5013888888888889 0.4125 0.48333333333333334 0.4078125 0.4666666666666667 0.40078125 0.4527777777777778 0.38984375 0.4444444444444444 0.3796875 0.4486111111111111 0.3703125 0.4791666666666667 0.3703125 0.5125 0.37890625 0.5347222222222222
0 0.3046875 0.4847222222222222 0.3109375 0.49027777777777776 0.3203125 0.4888888888888889 0.33984375 0.46805555555555556 0.3453125 0.4513888888888889 0.34453125 0.44027777777777777 0.33515625 0.4222222222222222 0.33125 0.4041666666666667 0.31484375 0.4152777777777778 0.3 0.44166666666666665 0.29765625 0.4638888888888889 0.3046875 0.4847222222222222
0 0.28125 0.5583333333333333 0.30546875 0.5847222222222223 0.31484375 0.5791666666666667 0.32421875 0.5569444444444445 0.3171875 0.5236111111111111 0.30390625 0.4986111111111111 0.2953125 0.4986111111111111 0.284375 0.5069444444444444 0.2765625 0.5291666666666667 0.27578125 0.5402777777777777 0.28125 0.5583333333333333
0 0.42890625 0.5486111111111112 0.44140625 0.5541666666666667 0.46171875 0.5277777777777778 0.46640625 0.5152777777777777 0.46640625 0.5 0.45625 0.4847222222222222 0.43828125 0.4777777777777778 0.4265625 0.5097222222222222 0.425 0.5319444444444444 0.42890625 0.5486111111111112
0 0.4421875 0.6541666666666667 0.45546875 0.6625 0.47421875 0.6472222222222223 0.48359375 0.625 0.48671875 0.6069444444444444 0.48359375 0.5847222222222223 0.475 0.5652777777777778 0.4515625 0.575 0.4359375 0.6013888888888889 0.43515625 0.6361111111111111 0.4421875 0.6541666666666667
0 0.38359375 0.7097222222222223 0.4 0.7375 0.42109375 0.7291666666666666 0.4296875 0.7027777777777777 0.425 0.6513888888888889 0.41875 0.6347222222222222 0.38671875 0.6333333333333333 0.378125 0.6513888888888889 0.3765625 0.6666666666666666 0.38359375 0.7097222222222223
0 0.54375 0.6638888888888889 0.5546875 0.6791666666666667 0.56796875 0.675 0.5765625 0.6583333333333333 0.58515625 0.6222222222222222 0.58828125 0.5875 0.584375 0.5722222222222222 0.5703125 0.5569444444444445 0.56015625 0.5583333333333333 0.5484375 0.5736111111111111 0.540625 0.6027777777777777 0.53984375 0.6333333333333333 0.54375 0.6638888888888889
0 0.5828125 0.7194444444444444 0.584375 0.7333333333333333 0.59140625 0.7319444444444444 0.6125 0.7125 0.6203125 0.7027777777777777 0.621875 0.6930555555555555 0.6171875 0.6597222222222222 0.603125 0.6458333333333334 0.59140625 0.65 0.57734375 0.6833333333333333 0.5765625 0.7055555555555556 0.5828125 0.7194444444444444