0 0.56953125 0.3819444444444444 0.5859375 0.39305555555555555 0.59453125 0.3763888888888889 0.60234375 0.37083333333333335 0.60625 0.35694444444444445 0.60078125 0.3402777777777778 0.5875 0.33055555555555555 0.578125 0.33194444444444443 0.565625 0.3486111111111111 0.56484375 0.3597222222222222 0.56953125 0.3819444444444444
0 0.60546875 0.4305555555555556 0.6234375 0.425 0.6234375 0.4083333333333333 0.615625 0.38333333333333336 0.6015625 0.37222222222222223 0.59140625 0.38472222222222224 0.590625 0.4 0.60546875 0.4305555555555556
0 0.5703125 0.4652777777777778 0.596875 0.4486111111111111 0.603125 0.43472222222222223 0.60234375 0.425 0.58828125 0.4041666666666667 0.5734375 0.4111111111111111 0.565625 0.425 0.56328125 0.44027777777777777 0.5703125 0.4652777777777778
0 0.6109375 0.5 0.61015625 0.5083333333333333 0.615625 0.5152777777777777 0.63046875 0.49583333333333335 0.63515625 0.45555555555555555 0.6234375 0.42916666666666664 0.6109375 0.43194444444444446 0.60078125 0.4444444444444444 0.59921875 0.4625 0.6109375 0.5
0 0.575 0.5208333333333334 0.58359375 0.5527777777777778 0.59765625 0.5527777777777778 0.60859375 0.5041666666666667 0.60234375 0.4722222222222222 0.59609375 0.45694444444444443 0.584375 0.45694444444444443 0.56953125 0.4708333333333333 0.56953125 0.5166666666666667 0.575 0.5208333333333334
0 0.53125 0.5013888888888889 0.54375 0.5319444444444444 0.55 0.5333333333333333 0.565625 0.5180555555555556 0.56796875 0.4708333333333333 0.56015625 0.4513888888888889 0.54296875 0.4486111111111111 0.53125 0.4625 0.52890625 0.46805555555555556 0.53125 0.5013888888888889
0 0.54609375 0.5888888888888889 0.55703125 0.6013888888888889 0.56484375 0.6013888888888889 0.57890625 0.5625 0.578125 0.5291666666666667 0.56875 0.5194444444444445 0.5578125 0.5236111111111111 0.5453125 0.5430555555555555 0.5421875 0.5569444444444445 0.5421875 0.575 0.54609375 0.5888888888888889
0 0.54140625 0.7222222222222222 0.55078125 0.7305555555555555 0.5671875 0.7291666666666666 0.57890625 0.6861111111111111 0.5796875 0.6472222222222223 0.56875 0.6319444444444444 0.5578125 0.6347222222222222 0.54296875 0.6569444444444444 0.53515625 0.6805555555555556 0.534375 0.7 0.54140625 0.7222222222222222
0 0.48203125 0.7666666666666667 0.51875 0.7638888888888888 0.53046875 0.725 0.515625 0.6944444444444444 0.50546875 0.6930555555555555 0.49453125 0.7013888888888888 0.47890625 0.7319444444444444 0.478125 0.7527777777777778 0.48203125 0.7666666666666667
0 0.4703125 0.8152777777777778 0.4953125 0.8527777777777777 0.50625 0.8611111111111112 0.5109375 0.8569444444444444 0.52421875 0.8180555555555555 0.525 0.7833333333333333 0.51171875 0.7638888888888888 0.4875 0.7638888888888888 0.46875 0.7916666666666666 0.46640625 0.8013888888888889 0.4703125 0.8152777777777778
0 0.528125 0.7930555555555555 0.52734375 0.8097222222222222 0.54453125 0.8194444444444444 0.55390625 0.8041666666666667 0.57734375 0.7833333333333333 0.584375 0.7569444444444444 0.578125 0.7361111111111112 0.56953125 0.7319444444444444 0.5421875 0.7319444444444444 0.52890625 0.7388888888888889 0.52421875 0.75 0.51953125 0.7652777777777777 0.528125 0.7930555555555555
0 0.55078125 0.8625 0.56484375 0.8847222222222222 0.571875 0.8888888888888888 0.59296875 0.8861111111111111 0.603125 0.8694444444444445 0.60703125 0.8486111111111111 0.60625 0.8333333333333334 0.59765625 0.8111111111111111 0.58984375 0.7944444444444444 0.578125 0.7847222222222222 0.55625 0.8027777777777778 0.54765625 0.8263888888888888 0.546875 0.8444444444444444 0.55078125 0.8625
0 0.6078125 0.85 0.60625 0.8597222222222223 0.61015625 0.8680555555555556 0.62734375 0.8722222222222222 0.64453125 0.8625 0.6546875 0.8277777777777777 0.65078125 0.8055555555555556 0.6234375 0.7861111111111111 0.60859375 0.7888888888888889 0.60078125 0.8 0.6 0.8166666666666667 0.6078125 0.85
0 0.6015625 0.7916666666666666 0.6140625 0.7847222222222222 0.63125 0.7861111111111111 0.6390625 0.7708333333333334 0.6375 0.7458333333333333 0.61953125 0.7222222222222222 0.6125 0.7236111111111111 0.6046875 0.7347222222222223 0.59921875 0.7611111111111111 0.5984375 0.7777777777777778 0.6015625 0.7916666666666666
0 0.66328125 0.6958333333333333 0.67109375 0.7041666666666667 0.6953125 0.6902777777777778 0.70234375 0.6680555555555555 0.69453125 0.6444444444444445 0.68671875 0.6361111111111111 0.6671875 0.6402777777777777 0.659375 0.6555555555555556 0.6578125 0.6805555555555556 0.66328125 0.6958333333333333
0 0.66328125 0.7861111111111111 0.6859375 0.7847222222222222 0.6953125 0.775 0.703125 0.7458333333333333 0.69921875 0.7013888888888888 0.6953125 0.6944444444444444 0.6875 0.6944444444444444 0.66796875 0.7083333333333334 0.653125 0.7513888888888889 0.6515625 0.7722222222222223 0.66328125 0.7861111111111111
0 0.66015625 0.8861111111111111 0.68984375 0.8944444444444445 0.6953125 0.8861111111111111 0.7015625 0.8194444444444444 0.6921875 0.8055555555555556 0.6796875 0.8055555555555556 0.665625 0.8208333333333333 0.6515625 0.8472222222222222 0.65234375 0.8652777777777778 0.66015625 0.8861111111111111
0 0.7125 0.8930555555555556 0.72578125 0.8888888888888888 0.74375 0.8652777777777778 0.74453125 0.8236111111111111 0.734375 0.8055555555555556 0.7203125 0.8069444444444445 0.709375 0.8180555555555555 0.703125 0.8361111111111111 0.70546875 0.8777777777777778 0.7125 0.8930555555555556
0 0.703125 0.8027777777777778 0.709375 0.8166666666666667 0.72265625 0.8055555555555556 0.73359375 0.8069444444444445 0.73828125 0.7569444444444444 0.73203125 0.7166666666666667 0.725 0.7138888888888889 0.703125 0.7291666666666666 0.69921875 0.7736111111111111 0.703125 0.8027777777777778
0 0.74765625 0.8166666666666667 0.75546875 0.8236111111111111 0.77578125 0.7847222222222222 0.7734375 0.7402777777777778 0.76171875 0.7305555555555555 0.74765625 0.7430555555555556 0.7390625 0.7597222222222222 0.740625 0.7944444444444444 0.74765625 0.8166666666666667
0 0.79609375 0.6930555555555555 0.80234375 0.6902777777777778 0.8140625 0.6638888888888889 0.8109375 0.6263888888888889 0.80546875 0.6111111111111112 0.79921875 0.6097222222222223 0.78828125 0.6194444444444445 0.77734375 0.6472222222222223 0.77890625 0.6694444444444444 0.79609375 0.6930555555555555
0 0.75078125 0.7194444444444444 0.76171875 0.7166666666666667 0.76875 0.7027777777777777 0.775 0.6763888888888889 0.77109375 0.6305555555555555 0.7625 0.6208333333333333 0.74765625 0.6236111111111111 0.74140625 0.6652777777777777 0.7421875 0.7097222222222223 0.75078125 0.7194444444444444
0 0.7734375 0.7416666666666667 0.77578125 0.7472222222222222 0.78671875 0.7430555555555556 0.790625 0.7319444444444444 0.79140625 0.7222222222222222 0.7921875 0.7208333333333333 0.79140625 0.7180555555555556 0.79140625 0.7111111111111111 0.78984375 0.7041666666666667 0.78671875 0.6986111111111111 0.77890625 0.6916666666666667 0.775 0.6916666666666667 0.77109375 0.6944444444444444 0.76953125 0.6972222222222222 0.7640625 0.7166666666666667 0.76328125 0.7305555555555555 0.7734375 0.7416666666666667