0 0.73984375 0.3861111111111111 0.77890625 0.38055555555555554 0.7890625 0.36527777777777776 0.79296875 0.3486111111111111 0.79375 0.32916666666666666 0.790625 0.3125 0.77890625 0.2972222222222222 0.76484375 0.29583333333333334 0.73984375 0.3055555555555556 0.72578125 0.3277777777777778 0.72421875 0.3527777777777778 0.73984375 0.3861111111111111
0 0.6421875 0.24861111111111112 0.6453125 0.275 0.6484375 0.275 0.65 0.2861111111111111 0.65625 0.29444444444444445 0.6734375 0.29305555555555557 0.6890625 0.2791666666666667 0.69609375 0.26666666666666666 0.70546875 0.22777777777777777 0.68828125 0.19722222222222222 0.678125 0.19583333333333333 0.65625 0.20416666666666666 0.6390625 0.2361111111111111 0.6375 0.24305555555555555 0.6421875 0.24861111111111112
0 0.5421875 0.35 0.5421875 0.36527777777777776 0.5515625 0.37916666666666665 0.55390625 0.3861111111111111 0.55390625 0.3958333333333333 0.56015625 0.4013888888888889 0.56328125 0.3763888888888889 0.56640625 0.375 0.56796875 0.37083333333333335 0.57578125 0.36944444444444446 0.5734375 0.3625 0.57734375 0.35694444444444445 0.5796875 0.35694444444444445 0.5796875 0.34305555555555556 0.58203125 0.32916666666666666 0.58125 0.32083333333333336 0.5796875 0.31527777777777777 0.5765625 0.31527777777777777 0.57109375 0.3055555555555556 0.56171875 0.3 0.5578125 0.3 0.55078125 0.30694444444444446 0.54453125 0.325 0.54375 0.34444444444444444 0.5421875 0.35
0 0.59140625 0.32083333333333336 0.6015625 0.325 0.61796875 0.3277777777777778 0.64765625 0.32222222222222224 0.65859375 0.30277777777777776 0.65859375 0.29583333333333334 0.6484375 0.2833333333333333 0.646875 0.25972222222222224 0.63671875 0.2388888888888889 0.60703125 0.23055555555555557 0.5859375 0.25555555555555554 0.5796875 0.27361111111111114 0.57578125 0.2986111111111111 0.59140625 0.32083333333333336
0 0.66484375 0.5236111111111111 0.68125 0.5361111111111111 0.715625 0.5236111111111111 0.7234375 0.5055555555555555 0.73671875 0.49722222222222223 0.74375 0.4666666666666667 0.7359375 0.4263888888888889 0.72890625 0.41388888888888886 0.70859375 0.4152777777777778 0.69453125 0.4361111111111111 0.67734375 0.4388888888888889 0.6578125 0.4583333333333333 0.65703125 0.4888888888888889 0.66484375 0.5236111111111111
0 0.746875 0.44166666666666665 0.7453125 0.4736111111111111 0.7515625 0.49166666666666664 0.771875 0.4652777777777778 0.78203125 0.4388888888888889 0.7859375 0.4263888888888889 0.784375 0.3958333333333333 0.77421875 0.3819444444444444 0.73828125 0.3958333333333333 0.734375 0.4152777777777778 0.746875 0.44166666666666665
0 0.665625 0.3347222222222222 0.67265625 0.3416666666666667 0.71171875 0.3388888888888889 0.71953125 0.3333333333333333 0.72421875 0.31805555555555554 0.7171875 0.2833333333333333 0.70078125 0.2569444444444444 0.68671875 0.27361111111111114 0.68125 0.2708333333333333 0.6734375 0.2763888888888889 0.6640625 0.29305555555555557 0.6625 0.32222222222222224 0.665625 0.3347222222222222
0 0.61328125 0.36944444444444446 0.62265625 0.3763888888888889 0.6296875 0.375 0.63515625 0.4097222222222222 0.6421875 0.4222222222222222 0.64609375 0.4222222222222222 0.65625 0.4041666666666667 0.67265625 0.3736111111111111 0.67578125 0.3597222222222222 0.67421875 0.3472222222222222 0.665625 0.3402777777777778 0.65859375 0.32222222222222224 0.65234375 0.31805555555555554 0.6421875 0.31805555555555554 0.6109375 0.3486111111111111 0.609375 0.3527777777777778 0.61328125 0.36944444444444446
0 0.60703125 0.4708333333333333 0.65078125 0.5291666666666667 0.65390625 0.5319444444444444 0.66171875 0.525 0.66015625 0.5013888888888889 0.6515625 0.4708333333333333 0.6421875 0.45694444444444443 0.62265625 0.44722222222222224 0.60546875 0.46111111111111114 0.60390625 0.4652777777777778 0.60703125 0.4708333333333333
0 0.64453125 0.45 0.6546875 0.45416666666666666 0.659375 0.4486111111111111 0.67734375 0.44722222222222224 0.7046875 0.43333333333333335 0.709375 0.4236111111111111 0.7109375 0.4083333333333333 0.70703125 0.39166666666666666 0.6984375 0.38055555555555554 0.66015625 0.4041666666666667 0.6453125 0.4305555555555556 0.64296875 0.4388888888888889 0.64453125 0.45
0 0.603125 0.4638888888888889 0.61328125 0.4625 0.615625 0.45416666666666666 0.6296875 0.44722222222222224 0.6359375 0.43194444444444446 0.63203125 0.4125 0.63203125 0.3763888888888889 0.59765625 0.3736111111111111 0.58046875 0.3875 0.57109375 0.4222222222222222 0.603125 0.4638888888888889
0 0.7046875 0.5763888888888888 0.7140625 0.5791666666666667 0.715625 0.5638888888888889 0.69296875 0.5236111111111111 0.68828125 0.5277777777777778 0.67578125 0.525 0.665625 0.5291666666666667 0.7046875 0.5763888888888888
0 0.5796875 0.375 0.5953125 0.37222222222222223 0.6046875 0.3402777777777778 0.60390625 0.325 0.596875 0.3194444444444444 0.5953125 0.3125 0.590625 0.31527777777777777 0.5875 0.30972222222222223 0.57890625 0.30972222222222223 0.57421875 0.3680555555555556 0.5796875 0.375
0 0.64453125 0.08472222222222223 0.63515625 0.10833333333333334 0.62890625 0.11388888888888889 0.61875 0.1125 0.6265625 0.13055555555555556 0.6359375 0.13055555555555556 0.6484375 0.11666666666666667 0.66171875 0.09722222222222222 0.665625 0.08194444444444444 0.66171875 0.06805555555555555 0.6484375 0.05138888888888889 0.63515625 0.05138888888888889 0.6421875 0.0625 0.64453125 0.08472222222222223