0 0.4078125 0.39305555555555555 0.4234375 0.39861111111111114 0.43125 0.3958333333333333 0.45390625 0.3736111111111111 0.465625 0.35555555555555557 0.471875 0.3375 0.4703125 0.30833333333333335 0.465625 0.3138888888888889 0.459375 0.30972222222222223 0.453125 0.29444444444444445 0.4375 0.2763888888888889 0.43125 0.25277777777777777 0.4140625 0.25972222222222224 0.4046875 0.275 0.40546875 0.2833333333333333 0.39921875 0.29444444444444445 0.396875 0.35138888888888886 0.4078125 0.39305555555555555
0 0.215625 0.39166666666666666 0.22890625 0.425 0.23203125 0.42777777777777776 0.24921875 0.41944444444444445 0.2640625 0.4 0.27109375 0.3680555555555556 0.2671875 0.34305555555555556 0.26015625 0.3263888888888889 0.24765625 0.31666666666666665 0.23046875 0.31805555555555554 0.2203125 0.325 0.2171875 0.3375 0.2140625 0.3611111111111111 0.215625 0.39166666666666666
0 0.17734375 0.4222222222222222 0.18515625 0.4375 0.1890625 0.42083333333333334 0.19296875 0.4236111111111111 0.21015625 0.39861111111111114 0.21328125 0.3486111111111111 0.20625 0.33611111111111114 0.19296875 0.33611111111111114 0.17734375 0.37222222222222223 0.17421875 0.3888888888888889 0.17734375 0.4222222222222222
0 0.15 0.49583333333333335 0.1546875 0.4888888888888889 0.1546875 0.4618055555555556 0.16015625 0.44166666666666665 0.1734375 0.43472222222222223 0.17578125 0.41805555555555557 0.1734375 0.39444444444444443 0.1625 0.38472222222222224 0.146875 0.38472222222222224 0.1421875 0.4027777777777778 0.1421875 0.475 0.15 0.49583333333333335
0 0.1078125 0.5069444444444444 0.115625 0.5097222222222222 0.140625 0.4986111111111111 0.1390625 0.4666666666666667 0.13125 0.4375 0.11484375 0.44166666666666665 0.10859375 0.46111111111111114 0.1046875 0.4791666666666667 0.1078125 0.5069444444444444
0 0.10234375 0.5472222222222223 0.1046875 0.5791666666666667 0.11328125 0.6083333333333333 0.1265625 0.6111111111111112 0.1359375 0.5986111111111111 0.14140625 0.5833333333333334 0.14375 0.5138888888888888 0.13671875 0.5013888888888889 0.109375 0.5111111111111111 0.11015625 0.5277777777777778 0.10234375 0.5472222222222223
0 0.153125 0.5333333333333333 0.16015625 0.5486111111111112 0.17734375 0.5555555555555556 0.184375 0.5430555555555555 0.1890625 0.5236111111111111 0.18671875 0.4652777777777778 0.18203125 0.44166666666666665 0.1765625 0.4361111111111111 0.1640625 0.4375 0.15625 0.4486111111111111 0.15234375 0.4666666666666667 0.1484375 0.49722222222222223 0.153125 0.5333333333333333
0 0.1921875 0.48055555555555557 0.2 0.5013888888888889 0.2203125 0.5069444444444444 0.23203125 0.49166666666666664 0.23515625 0.4388888888888889 0.22265625 0.40694444444444444 0.2125 0.3958333333333333 0.196875 0.41805555555555557 0.190625 0.43472222222222223 0.1890625 0.4583333333333333 0.1921875 0.48055555555555557
0 0.23359375 0.4583333333333333 0.23046875 0.4708333333333333 0.23515625 0.4847222222222222 0.2515625 0.4930555555555556 0.2609375 0.4861111111111111 0.26171875 0.4652777777777778 0.28671875 0.4152777777777778 0.2765625 0.4027777777777778 0.26328125 0.39861111111111114 0.23671875 0.4305555555555556 0.234375 0.4305555555555556 0.23203125 0.4166666666666667 0.2296875 0.4236111111111111 0.228125 0.4444444444444444 0.23359375 0.4583333333333333
0 0.22421875 0.5458333333333333 0.25 0.5125 0.25234375 0.4888888888888889 0.23203125 0.49444444444444446 0.221875 0.5083333333333333 0.21953125 0.5166666666666667 0.22421875 0.5458333333333333
0 0.1890625 0.6013888888888889 0.21328125 0.5680555555555555 0.21875 0.5527777777777778 0.20546875 0.5291666666666667 0.19296875 0.525 0.18671875 0.5319444444444444 0.1828125 0.5486111111111112 0.18203125 0.5638888888888889 0.1890625 0.6013888888888889
0 0.14296875 0.6388888888888888 0.15 0.6416666666666667 0.17890625 0.6222222222222222 0.18671875 0.6055555555555555 0.1875 0.5944444444444444 0.17734375 0.5777777777777777 0.15078125 0.5763888888888888 0.14296875 0.6 0.1375 0.6013888888888889 0.1390625 0.6305555555555555 0.14296875 0.6388888888888888
0 0.2125 0.3402777777777778 0.25390625 0.32222222222222224 0.24921875 0.31666666666666665 0.24921875 0.30694444444444446 0.2359375 0.28888888888888886 0.2203125 0.29305555555555557 0.20859375 0.3194444444444444 0.2078125 0.33055555555555555 0.2125 0.3402777777777778