0 0.4 0.42916666666666664 0.41015625 0.44305555555555554 0.4234375 0.4513888888888889 0.43828125 0.45 0.453125 0.43472222222222223 0.465625 0.4111111111111111 0.471875 0.3486111111111111 0.45859375 0.3263888888888889 0.4421875 0.3277777777777778 0.4109375 0.34305555555555556 0.38671875 0.36666666666666664 0.3859375 0.3972222222222222 0.4 0.42916666666666664
0 0.1109375 0.5277777777777778 0.115625 0.5291666666666667 0.1328125 0.5138888888888888 0.140625 0.5138888888888888 0.15078125 0.48194444444444445 0.159375 0.43472222222222223 0.1578125 0.4236111111111111 0.1421875 0.4152777777777778 0.1421875 0.4111111111111111 0.13046875 0.41944444444444445 0.10546875 0.4652777777777778 0.103125 0.4930555555555556 0.1109375 0.5277777777777778
0 0.1265625 0.6236111111111111 0.1359375 0.6277777777777778 0.14140625 0.6388888888888888 0.15 0.6402777777777777 0.16171875 0.6291666666666667 0.1734375 0.6277777777777778 0.18125 0.6152777777777778 0.1828125 0.5569444444444445 0.17421875 0.5319444444444444 0.1546875 0.5263888888888889 0.140625 0.5458333333333333 0.12265625 0.5875 0.121875 0.6152777777777778 0.1265625 0.6236111111111111
0 0.11484375 0.6083333333333333 0.12265625 0.6097222222222223 0.12421875 0.5861111111111111 0.1390625 0.5513888888888889 0.1421875 0.5277777777777778 0.13828125 0.5180555555555556 0.1265625 0.5138888888888888 0.121875 0.5222222222222223 0.11171875 0.5277777777777778 0.10390625 0.5486111111111112 0.10625 0.5916666666666667 0.11484375 0.6083333333333333
0 0.1734375 0.5055555555555555 0.18515625 0.5458333333333333 0.20625 0.5555555555555556 0.20703125 0.5486111111111112 0.2140625 0.5416666666666666 0.21640625 0.5097222222222222 0.2015625 0.44583333333333336 0.19296875 0.4388888888888889 0.18203125 0.45416666666666666 0.17734375 0.4708333333333333 0.17734375 0.49583333333333335 0.1734375 0.5055555555555555
0 0.21015625 0.44027777777777777 0.221875 0.4777777777777778 0.23515625 0.4847222222222222 0.25546875 0.4777777777777778 0.2625 0.45416666666666666 0.26015625 0.4263888888888889 0.2625 0.41805555555555557 0.26015625 0.4027777777777778 0.253125 0.3875 0.24765625 0.3763888888888889 0.23515625 0.3763888888888889 0.2203125 0.4041666666666667 0.21875 0.41944444444444445 0.21015625 0.44027777777777777
0 0.21640625 0.3527777777777778 0.23203125 0.35694444444444445 0.24375 0.34305555555555556 0.25078125 0.3416666666666667 0.25625 0.33055555555555555 0.2609375 0.3333333333333333 0.2453125 0.30277777777777776 0.2328125 0.2902777777777778 0.221875 0.29444444444444445 0.2125 0.3111111111111111 0.20859375 0.33611111111111114 0.21640625 0.3527777777777778
0 0.17578125 0.43333333333333335 0.18671875 0.4361111111111111 0.2046875 0.4027777777777778 0.21328125 0.3638888888888889 0.2125 0.3458333333333333 0.203125 0.3347222222222222 0.1921875 0.3375 0.18203125 0.35833333333333334 0.17421875 0.3902777777777778 0.1671875 0.39166666666666666 0.1671875 0.4041666666666667 0.17578125 0.43333333333333335
0 0.1703125 0.5125 0.18125 0.49027777777777776 0.18203125 0.45555555555555555 0.18671875 0.45 0.18359375 0.4361111111111111 0.18515625 0.4305555555555556 0.17421875 0.4222222222222222 0.1609375 0.4375 0.15390625 0.4597222222222222 0.15390625 0.5111111111111111 0.1703125 0.5125
0 0.2234375 0.3527777777777778 0.23203125 0.37916666666666665 0.25390625 0.3958333333333333 0.25390625 0.4 0.265625 0.4 0.27109375 0.3875 0.271875 0.3736111111111111 0.26484375 0.3333333333333333 0.25078125 0.3236111111111111 0.24609375 0.33194444444444443 0.23125 0.33611111111111114 0.22734375 0.35 0.2234375 0.3527777777777778
0 0.1515625 0.4236111111111111 0.1578125 0.4375 0.175 0.4305555555555556 0.17265625 0.39166666666666666 0.15859375 0.38333333333333336 0.146875 0.38472222222222224 0.14453125 0.3902777777777778 0.13828125 0.41944444444444445 0.1515625 0.4236111111111111