0 0.5765625 0.1111111111111111 0.59609375 0.10694444444444444 0.61484375 0.08611111111111111 0.62421875 0.06805555555555555 0.628125 0.05138888888888889 0.621875 0.027777777777777776 0.6109375 0.006944444444444444 0.5984375 0.008333333333333333 0.5953125 0.0125 0.603125 0.03194444444444444 0.6 0.059722222222222225 0.59140625 0.07916666666666666 0.5734375 0.07916666666666666 0.57109375 0.075 0.56796875 0.08055555555555556 0.571875 0.10555555555555556 0.5765625 0.1111111111111111
0 0.746875 0.38472222222222224 0.7796875 0.38055555555555554 0.790625 0.3625 0.79296875 0.3486111111111111 0.78984375 0.3138888888888889 0.77734375 0.2972222222222222 0.7671875 0.29444444444444445 0.74765625 0.3013888888888889 0.73125 0.3138888888888889 0.72734375 0.3236111111111111 0.73203125 0.3486111111111111 0.746875 0.38472222222222224
0 0.66796875 0.3861111111111111 0.7046875 0.4111111111111111 0.72109375 0.4111111111111111 0.73515625 0.4 0.734375 0.39166666666666666 0.73828125 0.3875 0.734375 0.36527777777777776 0.7375 0.35555555555555557 0.7359375 0.3486111111111111 0.73046875 0.3458333333333333 0.73125 0.3402777777777778 0.7234375 0.325 0.69375 0.325 0.6765625 0.3416666666666667 0.66171875 0.3763888888888889 0.66796875 0.3861111111111111
0 0.68359375 0.5486111111111112 0.70546875 0.5791666666666667 0.71328125 0.5805555555555556 0.725 0.5763888888888888 0.7390625 0.5597222222222222 0.74453125 0.5472222222222223 0.7484375 0.5166666666666667 0.740625 0.4847222222222222 0.72734375 0.475 0.70625 0.4847222222222222 0.68984375 0.5083333333333333 0.68984375 0.5166666666666667 0.684375 0.525 0.68125 0.5347222222222222 0.68359375 0.5486111111111112
0 0.73828125 0.4722222222222222 0.75234375 0.49166666666666664 0.7734375 0.4625 0.784375 0.43333333333333335 0.784375 0.39861111111111114 0.778125 0.38472222222222224 0.76640625 0.38055555555555554 0.746875 0.3902777777777778 0.73671875 0.4027777777777778 0.73125 0.41944444444444445 0.73828125 0.4722222222222222
0 0.63125 0.4986111111111111 0.65390625 0.5263888888888889 0.6734375 0.5263888888888889 0.68359375 0.5166666666666667 0.6859375 0.5027777777777778 0.70078125 0.475 0.7046875 0.4777777777777778 0.70234375 0.4486111111111111 0.703125 0.4375 0.7078125 0.43194444444444446 0.69765625 0.40694444444444444 0.68515625 0.3972222222222222 0.6734375 0.3972222222222222 0.65390625 0.40694444444444444 0.62890625 0.45 0.6265625 0.4666666666666667 0.63125 0.4986111111111111
0 0.559375 0.39166666666666666 0.56328125 0.4111111111111111 0.5953125 0.45555555555555555 0.6234375 0.4527777777777778 0.63828125 0.4361111111111111 0.64140625 0.4222222222222222 0.65 0.4152777777777778 0.6546875 0.4027777777777778 0.6515625 0.3763888888888889 0.6390625 0.3625 0.61875 0.3527777777777778 0.5859375 0.35694444444444445 0.5640625 0.37777777777777777 0.56328125 0.3875 0.559375 0.39166666666666666
0 0.59375 0.3416666666666667 0.64296875 0.3597222222222222 0.64453125 0.3486111111111111 0.653125 0.3416666666666667 0.65859375 0.3236111111111111 0.659375 0.2791666666666667 0.65625 0.2638888888888889 0.64453125 0.25 0.61953125 0.24444444444444444 0.61015625 0.2625 0.6109375 0.26944444444444443 0.59140625 0.3055555555555556 0.5890625 0.3333333333333333 0.59375 0.3416666666666667
0 0.52265625 0.3347222222222222 0.52265625 0.34305555555555556 0.54140625 0.36666666666666664 0.55625 0.3958333333333333 0.56015625 0.39305555555555555 0.56015625 0.37777777777777777 0.58203125 0.35555555555555557 0.58203125 0.3375 0.5734375 0.3 0.56796875 0.2902777777777778 0.5609375 0.28888888888888886 0.54921875 0.29305555555555557 0.5375 0.3055555555555556 0.53046875 0.325 0.52265625 0.3347222222222222
0 0.5890625 0.30277777777777776 0.61328125 0.26666666666666666 0.6203125 0.2388888888888889 0.60703125 0.23194444444444445 0.58515625 0.25833333333333336 0.5796875 0.27361111111111114 0.5796875 0.29583333333333334 0.5890625 0.30277777777777776
0 0.67265625 0.32222222222222224 0.67421875 0.33055555555555555 0.703125 0.32083333333333336 0.72109375 0.325 0.72421875 0.3194444444444444 0.7171875 0.2777777777777778 0.70859375 0.26944444444444443 0.67421875 0.27361111111111114 0.66484375 0.2902777777777778 0.6640625 0.3194444444444444 0.67265625 0.32222222222222224
0 0.71171875 0.45694444444444443 0.7125 0.475 0.73828125 0.475 0.740625 0.4638888888888889 0.73359375 0.4236111111111111 0.72421875 0.4152777777777778 0.70546875 0.4152777777777778 0.70625 0.44166666666666665 0.71171875 0.45694444444444443