0 0.40390625 0.2513888888888889 0.4125 0.28055555555555556 0.4421875 0.29305555555555557 0.4625 0.2777777777777778 0.4671875 0.25833333333333336 0.4671875 0.23472222222222222 0.4640625 0.20555555555555555 0.45859375 0.19444444444444445 0.45078125 0.18611111111111112 0.4328125 0.18472222222222223 0.40859375 0.20277777777777778 0.40390625 0.2125 0.40390625 0.2513888888888889
0 0.253125 0.3902777777777778 0.25859375 0.4388888888888889 0.2671875 0.45 0.28203125 0.43472222222222223 0.30390625 0.3958333333333333 0.30625 0.38055555555555554 0.3046875 0.35555555555555557 0.2921875 0.33611111111111114 0.2796875 0.3277777777777778 0.25859375 0.33194444444444443 0.25078125 0.3472222222222222 0.24765625 0.3736111111111111 0.253125 0.3902777777777778
0 0.2046875 0.42777777777777776 0.2078125 0.4861111111111111 0.2265625 0.5305555555555556 0.23359375 0.5305555555555556 0.25390625 0.5013888888888889 0.25703125 0.4875 0.25859375 0.45416666666666666 0.253125 0.4444444444444444 0.25625 0.43472222222222223 0.25234375 0.4166666666666667 0.2515625 0.37777777777777777 0.24296875 0.3597222222222222 0.228125 0.35694444444444445 0.2203125 0.35833333333333334 0.21171875 0.38472222222222224 0.21015625 0.4097222222222222 0.2046875 0.42777777777777776
0 0.17265625 0.3527777777777778 0.1734375 0.4027777777777778 0.1796875 0.42916666666666664 0.18515625 0.4388888888888889 0.20078125 0.4361111111111111 0.209375 0.4097222222222222 0.2140625 0.325 0.2125 0.31805555555555554 0.19296875 0.3013888888888889 0.1796875 0.3013888888888889 0.178125 0.33055555555555555 0.17265625 0.3527777777777778
0 0.21953125 0.35694444444444445 0.23046875 0.35694444444444445 0.2515625 0.3416666666666667 0.25703125 0.33194444444444443 0.24765625 0.3111111111111111 0.2375 0.3 0.23125 0.2986111111111111 0.2171875 0.3125 0.215625 0.3416666666666667 0.21953125 0.35694444444444445
0 0.18203125 0.2972222222222222 0.2046875 0.3111111111111111 0.21640625 0.3138888888888889 0.23203125 0.29305555555555557 0.23203125 0.28055555555555556 0.22421875 0.25972222222222224 0.21953125 0.25833333333333336 0.21640625 0.24305555555555555 0.19296875 0.24444444444444444 0.18046875 0.26666666666666666 0.178125 0.2833333333333333 0.18203125 0.2972222222222222
0 0.1453125 0.3541666666666667 0.15390625 0.3611111111111111 0.159375 0.3541666666666667 0.16953125 0.3625 0.18046875 0.30972222222222223 0.1765625 0.2875 0.17109375 0.2833333333333333 0.15859375 0.2902777777777778 0.14375 0.33611111111111114 0.140625 0.35694444444444445 0.1453125 0.3541666666666667
0 0.13671875 0.46944444444444444 0.14609375 0.4791666666666667 0.15078125 0.46805555555555556 0.15390625 0.4708333333333333 0.153125 0.4666666666666667 0.17265625 0.43333333333333335 0.17265625 0.37916666666666665 0.16953125 0.35138888888888886 0.159375 0.34305555555555556 0.1421875 0.3472222222222222 0.1375 0.35694444444444445 0.13203125 0.39861111111111114 0.13125 0.4305555555555556 0.13671875 0.46944444444444444
0 0.1109375 0.4152777777777778 0.1109375 0.4263888888888889 0.1265625 0.42916666666666664 0.13671875 0.3597222222222222 0.13203125 0.3527777777777778 0.11796875 0.35138888888888886 0.11015625 0.35694444444444445 0.10546875 0.36944444444444446 0.10390625 0.3888888888888889 0.1109375 0.4152777777777778
0 0.08671875 0.4847222222222222 0.10390625 0.4847222222222222 0.11328125 0.43333333333333335 0.11015625 0.4111111111111111 0.10390625 0.39444444444444443 0.09453125 0.39305555555555555 0.0875 0.4 0.08203125 0.4166666666666667 0.08203125 0.4583333333333333 0.08671875 0.4847222222222222
0 0.13359375 0.5986111111111111 0.13828125 0.6305555555555555 0.14609375 0.6444444444444445 0.162109375 0.6305555555555555 0.1734375 0.6319444444444444 0.18671875 0.6027777777777777 0.18515625 0.5944444444444444 0.16796875 0.5791666666666667 0.1515625 0.5722222222222222 0.140625 0.575 0.13359375 0.5833333333333334 0.13359375 0.5986111111111111
0 0.15390625 0.5166666666666667 0.17109375 0.5180555555555556 0.17421875 0.525 0.17734375 0.5208333333333334 0.18046875 0.525 0.18046875 0.5180555555555556 0.18984375 0.5166666666666667 0.19921875 0.49444444444444446 0.19765625 0.4583333333333333 0.19296875 0.44722222222222224 0.18125 0.44166666666666665 0.16484375 0.44305555555555554 0.15390625 0.4583333333333333 0.15078125 0.4736111111111111 0.1515625 0.5125 0.15390625 0.5166666666666667
0 0.18125 0.6152777777777778 0.21484375 0.5611111111111111 0.20625 0.55 0.1921875 0.5444444444444444 0.1796875 0.5555555555555556 0.17734375 0.5638888888888889 0.18125 0.6152777777777778
0 0.13046875 0.5875 0.14921875 0.5666666666666667 0.15 0.5347222222222222 0.1421875 0.5180555555555556 0.1328125 0.5194444444444445 0.12421875 0.5305555555555556 0.125 0.5638888888888889 0.13046875 0.5875
0 0.0984375 0.4875 0.1109375 0.525 0.11796875 0.5319444444444444 0.12890625 0.5291666666666667 0.1359375 0.5055555555555555 0.13515625 0.48194444444444445 0.1265625 0.46944444444444444 0.12109375 0.4486111111111111 0.115625 0.4444444444444444 0.109375 0.44722222222222224 0.10234375 0.48333333333333334 0.0984375 0.4875