0 0.6734375 0.42083333333333334 0.7 0.4388888888888889 0.709375 0.43333333333333335 0.7203125 0.40694444444444444 0.734375 0.3958333333333333 0.73515625 0.37916666666666665 0.73046875 0.3611111111111111 0.71328125 0.34305555555555556 0.70078125 0.3388888888888889 0.6734375 0.34305555555555556 0.66640625 0.36666666666666664 0.665625 0.3875 0.6734375 0.42083333333333334
0 0.71640625 0.4777777777777778 0.73203125 0.49166666666666664 0.76328125 0.49027777777777776 0.78125 0.4583333333333333 0.78125 0.42916666666666664 0.7765625 0.4152777777777778 0.76953125 0.40555555555555556 0.7515625 0.3958333333333333 0.7359375 0.39305555555555555 0.72265625 0.40694444444444444 0.71015625 0.43194444444444446 0.70859375 0.45416666666666666 0.71640625 0.4777777777777778
0 0.70703125 0.5986111111111111 0.7125 0.6 0.71796875 0.5791666666666667 0.7125 0.5611111111111111 0.7203125 0.5388888888888889 0.71640625 0.525 0.684375 0.5222222222222223 0.67734375 0.525 0.66875 0.5388888888888889 0.6671875 0.5527777777777778 0.70703125 0.5986111111111111
0 0.47109375 0.125 0.48984375 0.12083333333333333 0.50078125 0.1111111111111111 0.50625 0.09722222222222222 0.5046875 0.07916666666666666 0.5015625 0.0763888888888889 0.47265625 0.075 0.4671875 0.08611111111111111 0.465625 0.11944444444444445 0.47109375 0.125
0 0.43515625 0.10277777777777777 0.440625 0.10555555555555556 0.446875 0.11805555555555555 0.45625 0.11805555555555555 0.46328125 0.1111111111111111 0.46640625 0.09166666666666666 0.4640625 0.07777777777777778 0.44296875 0.07083333333333333 0.4359375 0.08055555555555556 0.43359375 0.08888888888888889 0.43515625 0.10277777777777777
0 0.4234375 0.1597222222222222 0.42734375 0.1625 0.44609375 0.1486111111111111 0.44765625 0.12916666666666668 0.44296875 0.10972222222222222 0.43046875 0.10555555555555556 0.42265625 0.11527777777777778 0.41953125 0.13194444444444445 0.4234375 0.1597222222222222
0 0.384375 0.1375 0.4046875 0.12638888888888888 0.41171875 0.10972222222222222 0.40859375 0.09444444444444444 0.4015625 0.0875 0.384375 0.09027777777777778 0.3734375 0.09861111111111111 0.3734375 0.12638888888888888 0.384375 0.1375
0 0.35703125 0.18611111111111112 0.3734375 0.1763888888888889 0.38515625 0.15555555555555556 0.38359375 0.1388888888888889 0.375 0.12916666666666668 0.3578125 0.13472222222222222 0.35234375 0.14305555555555555 0.35078125 0.1638888888888889 0.35703125 0.18611111111111112
0 0.3171875 0.16527777777777777 0.31484375 0.175 0.31796875 0.18055555555555555 0.33046875 0.17777777777777778 0.34765625 0.16527777777777777 0.35234375 0.14583333333333334 0.35 0.13333333333333333 0.34296875 0.125 0.3296875 0.12777777777777777 0.31640625 0.14027777777777778 0.3140625 0.14444444444444443 0.3171875 0.16527777777777777
0 0.3171875 0.24166666666666667 0.32890625 0.22777777777777777 0.3265625 0.20277777777777778 0.31953125 0.1875 0.30625 0.19166666666666668 0.29609375 0.2125 0.2984375 0.24861111111111112 0.3171875 0.24166666666666667
0 0.29296875 0.19305555555555556 0.29921875 0.19583333333333333 0.3140625 0.18055555555555555 0.31328125 0.1527777777777778 0.309375 0.14166666666666666 0.2984375 0.1375 0.290625 0.15138888888888888 0.28828125 0.17777777777777778 0.29296875 0.19305555555555556
0 0.415625 0.08611111111111111 0.43046875 0.07916666666666666 0.43984375 0.06805555555555555 0.43984375 0.05277777777777778 0.43359375 0.03888888888888889 0.42421875 0.03611111111111111 0.40859375 0.04861111111111111 0.40703125 0.059722222222222225 0.415625 0.08611111111111111
0 0.409375 0.04583333333333333 0.4296875 0.03611111111111111 0.4140625 0.018055555555555554 0.40546875 0.02361111111111111 0.40546875 0.03888888888888889 0.409375 0.04583333333333333
0 0.4078125 0.08611111111111111 0.40859375 0.06527777777777778 0.4046875 0.05694444444444444 0.3875 0.05138888888888889 0.371875 0.059722222222222225 0.37265625 0.0875 0.4078125 0.08611111111111111
0 0.35 0.12638888888888888 0.35 0.1111111111111111 0.3453125 0.10277777777777777 0.3375 0.1 0.32421875 0.10833333333333334 0.32421875 0.12777777777777777 0.35 0.12638888888888888
0 0.31484375 0.1361111111111111 0.32734375 0.12083333333333333 0.3296875 0.10694444444444444 0.30625 0.10833333333333334 0.30390625 0.11527777777777778 0.30390625 0.12916666666666668 0.31484375 0.1361111111111111
0 0.30234375 0.1375 0.30625 0.1388888888888889 0.30390625 0.10972222222222222 0.29453125 0.1111111111111111 0.28515625 0.12222222222222222 0.28671875 0.15138888888888888 0.30234375 0.1375
0 0.26328125 0.17222222222222222 0.275 0.17222222222222222 0.28671875 0.15833333333333333 0.28828125 0.14305555555555555 0.28515625 0.11666666666666667 0.2671875 0.12083333333333333 0.259375 0.13194444444444445 0.2578125 0.14583333333333334 0.26328125 0.17222222222222222
0 0.32578125 0.10833333333333334 0.33984375 0.09861111111111111 0.33203125 0.08333333333333333 0.32578125 0.08055555555555556 0.31484375 0.1 0.3140625 0.10694444444444444 0.32578125 0.10833333333333334
0 0.34921875 0.10833333333333334 0.3546875 0.10833333333333334 0.36328125 0.1 0.3671875 0.07222222222222222 0.365625 0.06388888888888888 0.35703125 0.05416666666666667 0.34765625 0.05694444444444444 0.3375 0.08611111111111111 0.34921875 0.10833333333333334
0 0.32578125 0.07916666666666666 0.33359375 0.08333333333333333 0.3421875 0.075 0.34140625 0.05555555555555555 0.32578125 0.05555555555555555 0.32109375 0.06111111111111111 0.31875 0.07361111111111111 0.32578125 0.07916666666666666
0 0.31171875 0.10694444444444444 0.32734375 0.08333333333333333 0.3140625 0.075 0.30546875 0.08472222222222223 0.30546875 0.10416666666666667 0.31171875 0.10694444444444444
0 0.60234375 0.15416666666666667 0.6140625 0.15 0.63828125 0.1111111111111111 0.63984375 0.08611111111111111 0.6265625 0.075 0.628125 0.0875 0.62265625 0.10694444444444444 0.609375 0.12083333333333333 0.5953125 0.11666666666666667 0.5921875 0.12361111111111112 0.5921875 0.14583333333333334 0.60234375 0.15416666666666667