0 0.6796875 0.5402777777777777 0.6828125 0.5486111111111112 0.7125 0.5763888888888888 0.72421875 0.5736111111111111 0.74375 0.55 0.74765625 0.5347222222222222 0.7484375 0.5097222222222222 0.73984375 0.48333333333333334 0.72421875 0.4722222222222222 0.7078125 0.48055555555555557 0.70078125 0.4930555555555556 0.696875 0.49166666666666664 0.68203125 0.5236111111111111 0.68359375 0.5305555555555556 0.6796875 0.5402777777777777
0 0.728125 0.3347222222222222 0.72890625 0.3611111111111111 0.73203125 0.3763888888888889 0.7390625 0.3888888888888889 0.778125 0.38055555555555554 0.78671875 0.3680555555555556 0.7921875 0.3472222222222222 0.79140625 0.32083333333333336 0.77890625 0.2986111111111111 0.7671875 0.29583333333333334 0.74765625 0.3013888888888889 0.7328125 0.3125 0.72734375 0.32222222222222224 0.725 0.32916666666666666 0.728125 0.3347222222222222
0 0.7359375 0.4388888888888889 0.74375 0.4736111111111111 0.7515625 0.49166666666666664 0.77265625 0.4638888888888889 0.784375 0.43333333333333335 0.784375 0.3958333333333333 0.77890625 0.38472222222222224 0.76640625 0.3819444444444444 0.73984375 0.39444444444444443 0.73671875 0.4027777777777778 0.73359375 0.4152777777777778 0.7359375 0.4388888888888889
0 0.6734375 0.5125 0.68515625 0.5111111111111111 0.703125 0.48333333333333334 0.7375 0.4666666666666667 0.73359375 0.4305555555555556 0.72890625 0.42083333333333334 0.68359375 0.41944444444444445 0.6734375 0.4263888888888889 0.67421875 0.43333333333333335 0.665625 0.4388888888888889 0.66328125 0.44583333333333336 0.6640625 0.4861111111111111 0.6734375 0.5125
0 0.67578125 0.35694444444444445 0.67734375 0.4083333333333333 0.68203125 0.4152777777777778 0.7265625 0.41388888888888886 0.74375 0.3861111111111111 0.73828125 0.375 0.73046875 0.3333333333333333 0.7234375 0.325 0.70234375 0.32083333333333336 0.6765625 0.3402777777777778 0.67890625 0.34444444444444444 0.67578125 0.35694444444444445
0 0.5859375 0.3680555555555556 0.59375 0.37222222222222223 0.6390625 0.375 0.65703125 0.35555555555555557 0.66328125 0.3388888888888889 0.66484375 0.31527777777777777 0.6625 0.2986111111111111 0.65 0.275 0.63046875 0.26805555555555555 0.59609375 0.28194444444444444 0.58828125 0.29305555555555557 0.5796875 0.29444444444444445 0.57734375 0.34444444444444444 0.5859375 0.3680555555555556
0 0.6546875 0.275 0.66171875 0.2902777777777778 0.6703125 0.29583333333333334 0.68515625 0.2902777777777778 0.69921875 0.2625 0.70546875 0.22916666666666666 0.696875 0.20972222222222223 0.6859375 0.19722222222222222 0.65859375 0.20416666666666666 0.646875 0.22777777777777777 0.64609375 0.2388888888888889 0.6546875 0.275
0 0.66328125 0.3375 0.66875 0.34305555555555556 0.7 0.32222222222222224 0.71640625 0.32083333333333336 0.7203125 0.325 0.725 0.31666666666666665 0.71640625 0.28055555555555556 0.70078125 0.2569444444444444 0.6890625 0.26666666666666666 0.671875 0.29305555555555557 0.66328125 0.29444444444444445 0.66015625 0.325 0.66328125 0.3375
0 0.62109375 0.2375 0.625 0.24722222222222223 0.6234375 0.2513888888888889 0.63046875 0.25972222222222224 0.64296875 0.22777777777777777 0.65234375 0.2152777777777778 0.65546875 0.20416666666666666 0.66171875 0.2 0.653125 0.1763888888888889 0.63125 0.15138888888888888 0.61875 0.1597222222222222 0.60625 0.1986111111111111 0.60625 0.23333333333333334 0.62109375 0.2375
0 0.58828125 0.29305555555555557 0.6203125 0.275 0.6234375 0.2611111111111111 0.6109375 0.2388888888888889 0.603125 0.2361111111111111 0.5859375 0.2569444444444444 0.57890625 0.2763888888888889 0.578125 0.29444444444444445 0.58828125 0.29305555555555557
0 0.55625 0.4111111111111111 0.56484375 0.4111111111111111 0.57578125 0.36944444444444446 0.578125 0.3138888888888889 0.571875 0.3055555555555556 0.55703125 0.3013888888888889 0.54609375 0.3236111111111111 0.54375 0.36527777777777776 0.55625 0.4111111111111111
0 0.62265625 0.4888888888888889 0.63125 0.4777777777777778 0.64453125 0.43472222222222223 0.64609375 0.4166666666666667 0.63828125 0.39305555555555555 0.5953125 0.37916666666666665 0.571875 0.3819444444444444 0.56640625 0.39444444444444443 0.559375 0.3902777777777778 0.56796875 0.4222222222222222 0.62265625 0.4888888888888889
0 0.61875 0.4847222222222222 0.62734375 0.49166666666666664 0.63125 0.5041666666666667 0.6515625 0.5305555555555556 0.665625 0.5319444444444444 0.6640625 0.5138888888888888 0.653125 0.48194444444444445 0.64140625 0.4722222222222222 0.63828125 0.4625 0.63046875 0.4625 0.6296875 0.4708333333333333 0.61875 0.4847222222222222
0 0.5265625 0.0125 0.5375 0.0125 0.54609375 0 0.51796875 0.001388888888888889 0.5265625 0.0125