0 0.384375 0.3597222222222222 0.39609375 0.3736111111111111 0.428125 0.37083333333333335 0.440625 0.35555555555555557 0.446875 0.33194444444444443 0.4484375 0.2986111111111111 0.440625 0.2569444444444444 0.42734375 0.24305555555555555 0.38828125 0.25555555555555554 0.38203125 0.2625 0.38203125 0.2708333333333333 0.3765625 0.2777777777777778 0.37421875 0.2902777777777778 0.37578125 0.3333333333333333 0.384375 0.3597222222222222
0 0.2546875 0.4 0.2609375 0.40694444444444444 0.2828125 0.40555555555555556 0.29296875 0.38472222222222224 0.29609375 0.36944444444444446 0.29609375 0.35138888888888886 0.2890625 0.31805555555555554 0.27578125 0.30972222222222223 0.25 0.31805555555555554 0.24765625 0.3763888888888889 0.2546875 0.4
0 0.21484375 0.3541666666666667 0.228125 0.3625 0.24140625 0.3541666666666667 0.25 0.31805555555555554 0.2421875 0.3013888888888889 0.22890625 0.2972222222222222 0.2203125 0.30277777777777776 0.20859375 0.3277777777777778 0.2078125 0.3375 0.21484375 0.3541666666666667
0 0.18046875 0.31527777777777777 0.19609375 0.3347222222222222 0.20859375 0.3333333333333333 0.21171875 0.31527777777777777 0.23125 0.2902777777777778 0.23203125 0.28194444444444444 0.22578125 0.28055555555555556 0.21640625 0.25555555555555554 0.21640625 0.24444444444444444 0.21171875 0.24861111111111112 0.2015625 0.24305555555555555 0.190625 0.24583333333333332 0.18046875 0.26666666666666666 0.17734375 0.28888888888888886 0.18046875 0.31527777777777777
0 0.1453125 0.4 0.165625 0.4125 0.1703125 0.4097222222222222 0.1765625 0.4 0.1796875 0.36944444444444446 0.18125 0.31805555555555554 0.1765625 0.2875 0.1734375 0.2833333333333333 0.16015625 0.28888888888888886 0.14375 0.33611111111111114 0.13984375 0.3625 0.1453125 0.4
0 0.19296875 0.4236111111111111 0.20234375 0.41944444444444445 0.2125 0.36527777777777776 0.21171875 0.35 0.20078125 0.33611111111111114 0.1921875 0.3388888888888889 0.1796875 0.36527777777777776 0.18046875 0.4041666666666667 0.19296875 0.4236111111111111
0 0.0875 0.48333333333333334 0.1046875 0.48194444444444445 0.1140625 0.44305555555555554 0.10859375 0.40555555555555556 0.10078125 0.39166666666666666 0.0921875 0.3902777777777778 0.08046875 0.41944444444444445 0.0796875 0.45416666666666666 0.0875 0.48333333333333334
0 0.13046875 0.6277777777777778 0.15 0.6430555555555556 0.15625 0.6333333333333333 0.18125 0.6152777777777778 0.18203125 0.6055555555555555 0.1859375 0.6027777777777777 0.18203125 0.5583333333333333 0.171875 0.5208333333333334 0.16640625 0.5152777777777777 0.15625 0.5166666666666667 0.14609375 0.5388888888888889 0.1390625 0.5458333333333333 0.13046875 0.5708333333333333 0.12265625 0.5777777777777777 0.12109375 0.5861111111111111 0.11953125 0.6111111111111112 0.13046875 0.6277777777777778
0 0.178125 0.5319444444444444 0.19296875 0.5541666666666667 0.20546875 0.5569444444444445 0.21171875 0.5388888888888889 0.2125 0.5055555555555555 0.20703125 0.46944444444444444 0.19921875 0.44305555555555554 0.1890625 0.44305555555555554 0.178125 0.45416666666666666 0.17578125 0.4652777777777778 0.17109375 0.5027777777777778 0.178125 0.5319444444444444
0 0.134375 0.4888888888888889 0.1375 0.49583333333333335 0.1375 0.5097222222222222 0.15078125 0.5208333333333334 0.165625 0.5111111111111111 0.17578125 0.4708333333333333 0.17578125 0.4486111111111111 0.17109375 0.425 0.1546875 0.40694444444444444 0.14609375 0.4013888888888889 0.13984375 0.41944444444444445 0.1421875 0.42916666666666664 0.134375 0.4888888888888889
0 0.11015625 0.525 0.11328125 0.5291666666666667 0.13203125 0.525 0.1421875 0.5069444444444444 0.14296875 0.46944444444444444 0.13984375 0.46111111111111114 0.1421875 0.41944444444444445 0.13046875 0.4222222222222222 0.10859375 0.45694444444444443 0.10234375 0.4930555555555556 0.11015625 0.525
0 0.11171875 0.6069444444444444 0.12265625 0.6125 0.12421875 0.5888888888888889 0.1375 0.5513888888888889 0.13671875 0.5375 0.1265625 0.5277777777777778 0.1109375 0.5305555555555556 0.103125 0.5527777777777778 0.10546875 0.5916666666666667 0.11171875 0.6069444444444444
0 0.20859375 0.4777777777777778 0.22265625 0.525 0.228125 0.5333333333333333 0.23515625 0.5291666666666667 0.25546875 0.49722222222222223 0.259375 0.4583333333333333 0.25546875 0.4375 0.259375 0.43333333333333335 0.2515625 0.4083333333333333 0.240625 0.39166666666666666 0.2359375 0.37222222222222223 0.225 0.3611111111111111 0.215625 0.3611111111111111 0.209375 0.37777777777777777 0.20546875 0.4041666666666667 0.20390625 0.4375 0.20859375 0.4777777777777778
0 0.25625 0.4638888888888889 0.26328125 0.46111111111111114 0.2828125 0.43472222222222223 0.29140625 0.4152777777777778 0.28515625 0.4027777777777778 0.2625 0.4027777777777778 0.25234375 0.4111111111111111 0.25234375 0.45 0.25625 0.4638888888888889