0 0.17734375 0.6069444444444444 0.215625 0.5486111111111112 0.22578125 0.5291666666666667 0.22578125 0.5208333333333334 0.21484375 0.49027777777777776 0.20234375 0.4847222222222222 0.1890625 0.49027777777777776 0.1765625 0.5166666666666667 0.17421875 0.5597222222222222 0.17734375 0.6069444444444444
0 0.13046875 0.6555555555555556 0.1421875 0.6375 0.16484375 0.625 0.1765625 0.6027777777777777 0.17578125 0.5722222222222222 0.17109375 0.5527777777777778 0.15703125 0.55 0.1421875 0.5555555555555556 0.128125 0.5986111111111111 0.12578125 0.6458333333333334 0.13046875 0.6555555555555556
0 0.44453125 0 0.42734375 0.029166666666666667 0.4171875 0.08888888888888889 0.403125 0.10972222222222222 0.39921875 0.15138888888888888 0.39609375 0.1625 0.38828125 0.16527777777777777 0.38984375 0.18055555555555555 0.40390625 0.24027777777777778 0.41953125 0.25972222222222224 0.428125 0.25833333333333336 0.4390625 0.26805555555555555 0.4703125 0.2569444444444444 0.478125 0.24166666666666667 0.48984375 0.23055555555555557 0.49765625 0.20416666666666666 0.49921875 0.18333333333333332 0.5171875 0.14722222222222223 0.51640625 0.10555555555555556 0.5203125 0.0875 0.50546875 0.02361111111111111 0.4796875 0 0.44453125 0
0 0.56171875 0.14444444444444443 0.57265625 0.10694444444444444 0.57265625 0.09444444444444444 0.565625 0.0875 0.54765625 0.09583333333333334 0.5421875 0.11805555555555555 0.54453125 0.1388888888888889 0.56171875 0.14444444444444443
0 0.57890625 0.10694444444444444 0.6 0.125 0.6078125 0.12638888888888888 0.61171875 0.10833333333333334 0.6078125 0.09444444444444444 0.59765625 0.08472222222222223 0.59296875 0.07083333333333333 0.5796875 0.06666666666666667 0.57421875 0.08333333333333333 0.57265625 0.09027777777777778 0.57890625 0.10694444444444444
0 0.59140625 0.07361111111111111 0.60546875 0.10694444444444444 0.61484375 0.10972222222222222 0.61875 0.10555555555555556 0.61875 0.08055555555555556 0.6125 0.06944444444444445 0.59453125 0.05138888888888889 0.5828125 0.05416666666666667 0.5796875 0.059722222222222225 0.59140625 0.07361111111111111
0 0.6421875 0.13333333333333333 0.64609375 0.15 0.6578125 0.14722222222222223 0.66640625 0.1375 0.6703125 0.09861111111111111 0.66328125 0.08611111111111111 0.65078125 0.08472222222222223 0.63125 0.10277777777777777 0.63125 0.11666666666666667 0.6421875 0.13333333333333333
0 0.690625 0.12361111111111112 0.6921875 0.13472222222222222 0.696875 0.14027777777777778 0.70546875 0.13333333333333333 0.7046875 0.10833333333333334 0.7 0.09861111111111111 0.6875 0.09444444444444444 0.68125 0.10277777777777777 0.6765625 0.11805555555555555 0.690625 0.12361111111111112
0 0.66328125 0.1638888888888889 0.678125 0.17777777777777778 0.6984375 0.15 0.70078125 0.13472222222222222 0.696875 0.12222222222222222 0.6859375 0.11527777777777778 0.68515625 0.1 0.6703125 0.12222222222222222 0.6671875 0.1361111111111111 0.6609375 0.14166666666666666 0.659375 0.15138888888888888 0.66328125 0.1638888888888889
0 0.77109375 0.25833333333333336 0.78671875 0.26666666666666666 0.79609375 0.25972222222222224 0.796875 0.2263888888888889 0.78203125 0.19583333333333333 0.76953125 0.19027777777777777 0.759375 0.20694444444444443 0.759375 0.2222222222222222 0.77109375 0.25833333333333336
0 0.71953125 0.25 0.73203125 0.2652777777777778 0.7609375 0.2638888888888889 0.76796875 0.25555555555555554 0.759375 0.22361111111111112 0.74375 0.20555555555555555 0.73203125 0.2 0.71875 0.2152777777777778 0.71328125 0.23194444444444445 0.71953125 0.25
0 0.77109375 0.32222222222222224 0.77578125 0.32916666666666666 0.78359375 0.3277777777777778 0.79296875 0.3138888888888889 0.79296875 0.28194444444444444 0.78359375 0.2652777777777778 0.76796875 0.2652777777777778 0.77421875 0.2972222222222222 0.77109375 0.32222222222222224
0 0.74375 0.32222222222222224 0.75859375 0.3347222222222222 0.7765625 0.32916666666666666 0.77578125 0.29305555555555557 0.76796875 0.26944444444444443 0.7421875 0.2652777777777778 0.734375 0.2722222222222222 0.73125 0.2875 0.74375 0.32222222222222224
0 0.6765625 0.30833333333333335 0.68515625 0.30416666666666664 0.6890625 0.29305555555555557 0.709375 0.29444444444444445 0.7203125 0.30694444444444446 0.7203125 0.29444444444444445 0.7140625 0.2722222222222222 0.69296875 0.24444444444444444 0.68046875 0.2388888888888889 0.671875 0.2513888888888889 0.66796875 0.26666666666666666 0.66796875 0.2902777777777778 0.6765625 0.30833333333333335
0 0.6859375 0.36527777777777776 0.70859375 0.3875 0.71875 0.3861111111111111 0.7328125 0.3611111111111111 0.73203125 0.3263888888888889 0.7109375 0.2972222222222222 0.68828125 0.29583333333333334 0.67734375 0.31805555555555554 0.67734375 0.33611111111111114 0.6859375 0.36527777777777776
0 0.62265625 0.33611111111111114 0.62734375 0.3388888888888889 0.63515625 0.33194444444444443 0.6390625 0.29444444444444445 0.63515625 0.2847222222222222 0.62265625 0.2722222222222222 0.590625 0.2708333333333333 0.5796875 0.2833333333333333 0.58359375 0.29583333333333334 0.62265625 0.33611111111111114
0 0.60859375 0.26666666666666666 0.62265625 0.2708333333333333 0.6421875 0.2916666666666667 0.65234375 0.26805555555555555 0.65234375 0.25 0.6453125 0.23472222222222222 0.63828125 0.23055555555555557 0.62578125 0.22916666666666666 0.60625 0.24861111111111112 0.60546875 0.25833333333333336 0.60859375 0.26666666666666666
0 0.6375 0.21666666666666667 0.64921875 0.23333333333333334 0.65859375 0.24305555555555555 0.66953125 0.24583333333333332 0.68125 0.23194444444444445 0.67734375 0.20416666666666666 0.6578125 0.1736111111111111 0.6453125 0.16527777777777777 0.63515625 0.17777777777777778 0.6328125 0.2013888888888889 0.6375 0.21666666666666667
0 0.68671875 0.22777777777777777 0.696875 0.23333333333333334 0.7109375 0.22361111111111112 0.71328125 0.19027777777777777 0.6984375 0.15694444444444444 0.6890625 0.1638888888888889 0.6796875 0.18055555555555555 0.67890625 0.20694444444444443 0.68671875 0.22777777777777777
0 0.7078125 0.175 0.7125 0.20833333333333334 0.7234375 0.2125 0.73359375 0.1986111111111111 0.7328125 0.1763888888888889 0.70078125 0.15 0.69609375 0.15833333333333333 0.7078125 0.175
0 0.6125 0.14305555555555555 0.615625 0.16666666666666666 0.628125 0.17083333333333334 0.63984375 0.1638888888888889 0.64375 0.15 0.64296875 0.14027777777777778 0.62421875 0.10555555555555556 0.615625 0.10972222222222222 0.61015625 0.12222222222222222 0.60703125 0.13472222222222222 0.6125 0.14305555555555555
0 0.56796875 0.15555555555555556 0.58125 0.15 0.6109375 0.1763888888888889 0.6125 0.17222222222222222 0.6109375 0.14166666666666666 0.59375 0.11944444444444445 0.57578125 0.10277777777777777 0.5671875 0.12361111111111112 0.5640625 0.14027777777777778 0.56796875 0.15555555555555556
0 0.571875 0.20555555555555555 0.59765625 0.22361111111111112 0.6125 0.21666666666666667 0.61171875 0.18472222222222223 0.6078125 0.1763888888888889 0.58515625 0.15416666666666667 0.5796875 0.1527777777777778 0.56953125 0.16111111111111112 0.565625 0.18611111111111112 0.571875 0.20555555555555555