0 0.7109375 0.5277777777777778 0.721875 0.5666666666666667 0.73203125 0.5708333333333333 0.74453125 0.5513888888888889 0.74921875 0.5347222222222222 0.7484375 0.5166666666666667 0.740625 0.49444444444444446 0.728125 0.48333333333333334 0.71875 0.4861111111111111 0.70859375 0.5097222222222222 0.7109375 0.5277777777777778
0 0.71640625 0.48194444444444445 0.7265625 0.48055555555555557 0.73828125 0.4930555555555556 0.76328125 0.49027777777777776 0.78125 0.4583333333333333 0.78125 0.42777777777777776 0.76796875 0.4041666666666667 0.71953125 0.39166666666666666 0.7125 0.40555555555555556 0.70703125 0.40555555555555556 0.70703125 0.42916666666666664 0.71640625 0.48194444444444445
0 0.66953125 0.40555555555555556 0.70234375 0.4097222222222222 0.7046875 0.41944444444444445 0.71640625 0.40555555555555556 0.7203125 0.4111111111111111 0.73125 0.3972222222222222 0.73515625 0.38472222222222224 0.7265625 0.3541666666666667 0.7125 0.34305555555555556 0.69609375 0.3388888888888889 0.6734375 0.34305555555555556 0.6671875 0.36527777777777776 0.665625 0.3958333333333333 0.66953125 0.40555555555555556
0 0.66953125 0.5097222222222222 0.67578125 0.5236111111111111 0.7046875 0.5194444444444445 0.7046875 0.5 0.7140625 0.4777777777777778 0.71015625 0.44027777777777777 0.70546875 0.43333333333333335 0.7015625 0.40694444444444444 0.69140625 0.4027777777777778 0.66796875 0.40694444444444444 0.6609375 0.45694444444444443 0.66953125 0.5097222222222222
0 0.70859375 0.6013888888888889 0.7125 0.6027777777777777 0.7171875 0.5930555555555556 0.72109375 0.5791666666666667 0.72109375 0.5597222222222222 0.7125 0.5305555555555556 0.6875 0.5222222222222223 0.6703125 0.5333333333333333 0.66796875 0.5513888888888889 0.70859375 0.6013888888888889
0 0.48359375 0.125 0.4984375 0.11388888888888889 0.50546875 0.1 0.50546875 0.075 0.4953125 0.06388888888888888 0.48203125 0.06805555555555555 0.46796875 0.08055555555555556 0.465625 0.09444444444444444 0.46640625 0.12083333333333333 0.48359375 0.125
0 0.446875 0.11805555555555555 0.4625 0.1125 0.465625 0.08888888888888889 0.46171875 0.07777777777777778 0.44296875 0.07083333333333333 0.43671875 0.07916666666666666 0.434375 0.09722222222222222 0.446875 0.11805555555555555
0 0.42734375 0.1625 0.44609375 0.1486111111111111 0.446875 0.12222222222222222 0.4390625 0.10694444444444444 0.42734375 0.10555555555555556 0.4203125 0.12361111111111112 0.421875 0.15416666666666667 0.42734375 0.1625
0 0.44375 0.06527777777777778 0.44453125 0.06805555555555555 0.4640625 0.07777777777777778 0.4703125 0.0763888888888889 0.47578125 0.06805555555555555 0.47734375 0.0625 0.47734375 0.058333333333333334 0.4734375 0.04722222222222222 0.46796875 0.0375 0.46328125 0.03611111111111111 0.4625 0.034722222222222224 0.45625 0.043055555555555555 0.4515625 0.044444444444444446 0.44453125 0.05277777777777778 0.44375 0.05555555555555555 0.44375 0.06527777777777778
0 0.41015625 0.06666666666666667 0.41328125 0.08611111111111111 0.41484375 0.0875 0.41953125 0.08611111111111111 0.421875 0.08333333333333333 0.42421875 0.08333333333333333 0.434375 0.0763888888888889 0.4375 0.07222222222222222 0.4390625 0.06805555555555555 0.4390625 0.05 0.43828125 0.04583333333333333 0.4390625 0.043055555555555555 0.43671875 0.0375 0.434375 0.03611111111111111 0.425 0.0375 0.41875 0.04027777777777778 0.4109375 0.04583333333333333 0.4078125 0.05 0.40703125 0.058333333333333334 0.41015625 0.06666666666666667
0 0.40625 0.041666666666666664 0.409375 0.04583333333333333 0.41171875 0.04583333333333333 0.41640625 0.04027777777777778 0.41953125 0.04027777777777778 0.42265625 0.0375 0.42734375 0.0375 0.428125 0.03611111111111111 0.43203125 0.03611111111111111 0.4390625 0.041666666666666664 0.44140625 0.03194444444444444 0.44140625 0.02361111111111111 0.43671875 0.016666666666666666 0.43203125 0.013888888888888888 0.4171875 0.015277777777777777 0.41640625 0.016666666666666666 0.41328125 0.016666666666666666 0.4125 0.018055555555555554 0.40546875 0.020833333333333332 0.4046875 0.03333333333333333 0.40625 0.041666666666666664
0 0.3796875 0.10277777777777777 0.3828125 0.10555555555555556 0.38828125 0.10555555555555556 0.40078125 0.10138888888888889 0.4015625 0.1 0.4046875 0.1 0.4125 0.0875 0.41171875 0.07222222222222222 0.409375 0.06388888888888888 0.4046875 0.05694444444444444 0.39375 0.05694444444444444 0.390625 0.058333333333333334 0.3859375 0.0625 0.3765625 0.075 0.37578125 0.08888888888888889 0.3796875 0.10277777777777777
0 0.36796875 0.06666666666666667 0.3671875 0.07083333333333333 0.36796875 0.09444444444444444 0.36875 0.09583333333333334 0.378125 0.09444444444444444 0.37890625 0.09305555555555556 0.37890625 0.08333333333333333 0.3796875 0.08055555555555556 0.38203125 0.0763888888888889 0.384375 0.075 0.38828125 0.0625 0.38984375 0.059722222222222225 0.390625 0.059722222222222225 0.390625 0.05694444444444444 0.38828125 0.05277777777777778 0.384375 0.05138888888888889 0.38203125 0.05416666666666667 0.37890625 0.05416666666666667 0.36875 0.06111111111111111 0.3671875 0.06388888888888888 0.36796875 0.06666666666666667
0 0.31796875 0.16666666666666666 0.3171875 0.17083333333333334 0.315625 0.17222222222222222 0.315625 0.1763888888888889 0.31875 0.18194444444444444 0.32421875 0.18194444444444444 0.3453125 0.16805555555555557 0.35078125 0.16111111111111112 0.353125 0.1486111111111111 0.35 0.13333333333333333 0.34609375 0.12638888888888888 0.34296875 0.125 0.32890625 0.12777777777777777 0.3203125 0.13472222222222222 0.31796875 0.1388888888888889 0.31328125 0.14166666666666666 0.3125 0.14583333333333334 0.31796875 0.16666666666666666
0 0.29765625 0.21666666666666667 0.2984375 0.25 0.31796875 0.24166666666666667 0.32578125 0.23472222222222222 0.328125 0.22916666666666666 0.328125 0.21666666666666667 0.3265625 0.2125 0.3265625 0.20833333333333334 0.321875 0.1986111111111111 0.32109375 0.19305555555555556 0.31875 0.1875 0.31328125 0.18611111111111112 0.30625 0.19027777777777777 0.3 0.2013888888888889 0.29765625 0.2111111111111111 0.296875 0.2152777777777778 0.29765625 0.21666666666666667
0 0.28828125 0.1638888888888889 0.28828125 0.1763888888888889 0.28984375 0.18055555555555555 0.28984375 0.18472222222222223 0.29296875 0.19166666666666668 0.29765625 0.19444444444444445 0.3015625 0.19305555555555556 0.31640625 0.18055555555555555 0.315625 0.1625 0.31328125 0.1527777777777778 0.30703125 0.1388888888888889 0.30234375 0.1361111111111111 0.29765625 0.1361111111111111 0.29375 0.14027777777777778 0.2890625 0.15138888888888888 0.2875 0.16111111111111112 0.28828125 0.1638888888888889
0 0.25859375 0.14027777777777778 0.259375 0.14166666666666666 0.259375 0.1527777777777778 0.2640625 0.17083333333333334 0.265625 0.1736111111111111 0.275 0.17222222222222222 0.28046875 0.16805555555555557 0.28671875 0.1597222222222222 0.2875 0.15 0.2890625 0.14583333333333334 0.28828125 0.14444444444444443 0.2875 0.13333333333333333 0.28828125 0.13194444444444445 0.28828125 0.12638888888888888 0.28671875 0.11944444444444445 0.28515625 0.11666666666666667 0.28125 0.11527777777777778 0.275 0.11944444444444445 0.2703125 0.11944444444444445 0.26953125 0.12083333333333333 0.2671875 0.12083333333333333 0.2640625 0.125 0.25859375 0.13472222222222222 0.25859375 0.14027777777777778
0 0.3359375 0.0875 0.3421875 0.1 0.34453125 0.10138888888888889 0.34921875 0.10972222222222222 0.35390625 0.10972222222222222 0.3625 0.10277777777777777 0.365625 0.09444444444444444 0.36484375 0.09305555555555556 0.36484375 0.08611111111111111 0.36015625 0.08194444444444444 0.3578125 0.07777777777777778 0.35390625 0.075 0.3515625 0.075 0.34921875 0.07222222222222222 0.34375 0.07361111111111111 0.340625 0.07777777777777778 0.33671875 0.08055555555555556 0.33515625 0.08333333333333333 0.3359375 0.0875
0 0.34453125 0.07361111111111111 0.34609375 0.0763888888888889 0.35078125 0.07777777777777778 0.3625 0.0875 0.36796875 0.0875 0.36875 0.08611111111111111 0.36875 0.08194444444444444 0.36953125 0.08055555555555556 0.36953125 0.0763888888888889 0.36875 0.075 0.36875 0.06527777777777778 0.36953125 0.06388888888888888 0.35390625 0.05138888888888889 0.35078125 0.05277777777777778 0.34765625 0.05694444444444444 0.34453125 0.06805555555555555 0.34453125 0.07361111111111111
0 0.31875 0.07361111111111111 0.3265625 0.08055555555555556 0.3296875 0.08055555555555556 0.33359375 0.08472222222222223 0.3375 0.08472222222222223 0.34296875 0.075 0.34296875 0.06805555555555555 0.3421875 0.06388888888888888 0.340625 0.058333333333333334 0.3390625 0.05555555555555555 0.33671875 0.05416666666666667 0.32578125 0.05555555555555555 0.32109375 0.06111111111111111 0.31875 0.06527777777777778 0.31875 0.07361111111111111
0 0.30546875 0.10416666666666667 0.30703125 0.10694444444444444 0.31171875 0.10694444444444444 0.31640625 0.10277777777777777 0.31875 0.10277777777777777 0.32109375 0.09444444444444444 0.3234375 0.09305555555555556 0.3296875 0.08333333333333333 0.321875 0.0763888888888889 0.3140625 0.075 0.309375 0.07777777777777778 0.30546875 0.08472222222222223 0.3046875 0.0875 0.30546875 0.10416666666666667
0 0.3171875 0.10277777777777777 0.31796875 0.10277777777777777 0.31953125 0.10694444444444444 0.32578125 0.10833333333333334 0.3328125 0.10416666666666667 0.33359375 0.10277777777777777 0.33984375 0.10138888888888889 0.340625 0.1 0.33828125 0.09166666666666666 0.33046875 0.08194444444444444 0.3265625 0.08194444444444444 0.32578125 0.08055555555555556 0.32421875 0.08333333333333333 0.3234375 0.08333333333333333 0.32265625 0.0875 0.31953125 0.09027777777777778 0.31953125 0.1 0.3171875 0.10277777777777777
0 0.33203125 0.10277777777777777 0.32890625 0.10555555555555556 0.321875 0.10555555555555556 0.3171875 0.10833333333333334 0.30625 0.10972222222222222 0.30625 0.11666666666666667 0.31015625 0.13333333333333333 0.3140625 0.13333333333333333 0.31796875 0.1361111111111111 0.31953125 0.13333333333333333 0.32890625 0.12638888888888888 0.334375 0.12638888888888888 0.33515625 0.125 0.34453125 0.125 0.34921875 0.12777777777777777 0.34921875 0.11388888888888889 0.3484375 0.1111111111111111 0.34375 0.10277777777777777 0.3375 0.1 0.33515625 0.10277777777777777 0.33203125 0.10277777777777777
0 0.2875 0.12638888888888888 0.2859375 0.1375 0.290625 0.14444444444444443 0.29140625 0.14305555555555555 0.29609375 0.14305555555555555 0.30625 0.14027777777777778 0.30703125 0.1388888888888889 0.31171875 0.1388888888888889 0.3140625 0.1375 0.3140625 0.13472222222222222 0.309375 0.12222222222222222 0.30703125 0.11805555555555555 0.30625 0.11388888888888889 0.30390625 0.10972222222222222 0.296875 0.10972222222222222 0.28984375 0.11527777777777778 0.28828125 0.11805555555555555 0.2875 0.11805555555555555 0.28671875 0.12083333333333333 0.28671875 0.125 0.2875 0.12638888888888888