0 0.06481481481481481 0.5217391304347826 0.06481481481481481 0.5507246376811594 0.07407407407407407 0.5797101449275363 0.09259259259259259 0.6086956521739131 0.13425925925925927 0.6086956521739131 0.1712962962962963 0.5797101449275363 0.18981481481481483 0.5072463768115942 0.18981481481481483 0.4782608695652174 0.1712962962962963 0.4420289855072464 0.14814814814814814 0.4420289855072464 0.14351851851851852 0.427536231884058 0.09722222222222222 0.427536231884058 0.08796296296296297 0.43478260869565216 0.06944444444444445 0.47101449275362317 0.06944444444444445 0.5144927536231884 0.06481481481481481 0.5217391304347826
0 0.24068055555555556 0.8189710144927537 0.27215277777777774 0.8391304347826086 0.3526296296296297 0.8705144927536231 0.3458703703703704 0.7510217391304348 0.3261111111111111 0.7360869565217392 0.2943425925925926 0.7425869565217391 0.2222222222222222 0.7865579710144928 0.24068055555555556 0.8189710144927537
0 0.41862037037037036 0.6953840579710144 0.4976851851851852 0.689 0.525875 0.6406231884057971 0.538962962962963 0.5760579710144927 0.49677777777777776 0.516536231884058 0.449875 0.5181521739130435 0.41044907407407405 0.5454710144927537 0.41862037037037036 0.6953840579710144
0 0.3791111111111111 0.8779565217391304 0.4486527777777778 0.8458188405797101 0.5092175925925926 0.7925 0.5036157407407408 0.7074927536231884 0.4171666666666667 0.6868188405797102 0.37246296296296294 0.7458985507246376 0.3791111111111111 0.8779565217391304
0 0.5408703703703703 0.6115797101449275 0.5341203703703704 0.6833333333333333 0.5341203703703704 0.7178913043478261 0.567837962962963 0.7340579710144928 0.6006111111111111 0.6736594202898551 0.6479166666666666 0.6607971014492754 0.6453194444444444 0.5683550724637682 0.5806157407407407 0.5442391304347827 0.5416666666666666 0.6065217391304348 0.5408703703703703 0.6115797101449275
0 0.5473935185185185 0.8806956521739131 0.5647175925925926 0.9087898550724638 0.6311666666666667 0.8831014492753623 0.6336203703703703 0.7916956521739131 0.7045648148148148 0.7514565217391304 0.700675925925926 0.7053840579710146 0.6700601851851852 0.6802536231884058 0.6277777777777778 0.6876811594202898 0.5412962962962963 0.8087898550724638 0.5473935185185185 0.8806956521739131
0 0.7207175925925926 0.8894565217391305 0.7967407407407407 0.8436594202898551 0.7910879629629629 0.773804347826087 0.7391851851851852 0.7437028985507247 0.7139768518518518 0.7446521739130435 0.6393518518518518 0.7971014492753623 0.6394444444444445 0.8938260869565218 0.7207175925925926 0.8894565217391305
0 0.8012546296296296 0.8445652173913043 0.8970324074074073 0.7446449275362319 0.8769675925925926 0.6880507246376811 0.7775787037037036 0.6893623188405797 0.7608287037037037 0.7114202898550724 0.7571851851851852 0.7653043478260869 0.8012546296296296 0.8445652173913043
0 0.6852962962962963 0.700927536231884 0.7021990740740741 0.7238333333333333 0.7510462962962963 0.729608695652174 0.8050370370370371 0.6733188405797101 0.788236111111111 0.5946231884057972 0.7227546296296297 0.5863623188405798 0.6879629629629629 0.6471014492753623 0.6852962962962963 0.700927536231884
0 0.8817453703703704 0.6170869565217392 0.847412037037037 0.6333840579710145 0.8196249999999999 0.6838623188405798 0.8881342592592593 0.6868115942028986 0.9047777777777777 0.7471376811594204 0.9393888888888888 0.6879420289855073 0.9333333333333333 0.6239130434782608 0.8817453703703704 0.6170869565217392
0 0.7911481481481482 0.5905144927536232 0.814300925925926 0.5836811594202899 0.8311203703703703 0.5468695652173914 0.8080185185185186 0.5072391304347825 0.7446157407407407 0.46907971014492755 0.7154166666666667 0.5124782608695652 0.7152777777777778 0.5891304347826086 0.7911481481481482 0.5905144927536232
0 0.8701203703703704 0.4578188405797102 0.8363472222222222 0.47976086956521735 0.8389166666666666 0.5579420289855073 0.8543009259259259 0.5804420289855072 0.9214537037037037 0.5836956521739131 0.9323333333333332 0.49516666666666664 0.8714953703703704 0.4588478260869565 0.8701203703703704 0.4578188405797102
0 0.7559907407407408 0.47455797101449276 0.8042361111111112 0.49897101449275366 0.8488796296296296 0.49274637681159417 0.8705092592592593 0.4513550724637681 0.8351759259259259 0.4165652173913043 0.7578703703703703 0.4492753623188406 0.7559907407407408 0.47455797101449276
0 0.7812175925925926 0.43221014492753623 0.8334305555555555 0.4122391304347826 0.8719444444444444 0.44119565217391304 0.8791481481481481 0.42828985507246375 0.8788148148148148 0.3814057971014493 0.8355462962962963 0.34271739130434786 0.7439814814814815 0.3804347826086957 0.7466342592592592 0.4277536231884058 0.7812175925925926 0.43221014492753623
0 0.7346481481481482 0.41000724637681163 0.7440185185185185 0.3745942028985507 0.8209814814814814 0.3442536231884058 0.8172731481481482 0.31068840579710144 0.7732222222222221 0.28692028985507245 0.7097222222222223 0.34492753623188405 0.7024537037037036 0.3908405797101449 0.7346481481481482 0.41000724637681163
0 0.5415509259259259 0.38273188405797104 0.564699074074074 0.41381159420289854 0.6685277777777777 0.3886304347826087 0.6685277777777777 0.29881159420289855 0.6588703703703703 0.24267391304347824 0.5347962962962963 0.2991231884057971 0.5415509259259259 0.38273188405797104
0 0.696925925925926 0.18841304347826088 0.6340648148148148 0.21747826086956523 0.610462962962963 0.25527536231884057 0.663087962962963 0.24143478260869564 0.6743148148148147 0.3386159420289855 0.7135046296296296 0.3393623188405797 0.7497824074074074 0.2991231884057971 0.725925925925926 0.1681159420289855 0.696925925925926 0.18841304347826088
0 0.5523148148148148 0.19492028985507248 0.5558055555555556 0.2723115942028986 0.6043657407407408 0.2628550724637681 0.6252731481481482 0.21592753623188404 0.6723935185185185 0.1961159420289855 0.6616435185185184 0.13990579710144926 0.609375 0.11850724637681159 0.552 0.19154347826086957 0.5523148148148148 0.19492028985507248
0 0.4835787037037037 0.11916666666666667 0.4972638888888889 0.16999275362318841 0.5531898148148149 0.1959855072463768 0.5683148148148148 0.17228260869565215 0.5476851851851852 0.10507246376811594 0.4835787037037037 0.11916666666666667
0 0.42633796296296295 0.17444927536231886 0.45189814814814816 0.214268115942029 0.48843518518518514 0.16005797101449276 0.48018518518518516 0.11721014492753623 0.4219953703703703 0.12203623188405797 0.40185185185185185 0.15869565217391304 0.42633796296296295 0.17444927536231886
0 0.4405833333333333 0.24167391304347827 0.4704768518518519 0.25235507246376815 0.48583333333333334 0.290695652173913 0.5448842592592592 0.2768550724637681 0.5518055555555555 0.2303840579710145 0.5443749999999999 0.1901304347826087 0.487962962962963 0.1681159420289855 0.4405833333333333 0.24167391304347827
0 0.40623148148148147 0.4262101449275362 0.4406435185185185 0.405268115942029 0.48035185185185186 0.2880072463768116 0.46763888888888894 0.24858695652173912 0.3969212962962963 0.24444202898550724 0.35878703703703707 0.29226811594202895 0.3592592592592592 0.3746376811594203 0.40623148148148147 0.4262101449275362
0 0.24566666666666667 0.33162318840579713 0.24431018518518519 0.3967753623188406 0.27470370370370367 0.4613840579710145 0.31762037037037033 0.45400724637681156 0.3728981481481482 0.3929130434782609 0.3652546296296296 0.2985652173913043 0.2722222222222222 0.29347826086956524 0.24566666666666667 0.33162318840579713
0 0.3019907407407408 0.20546376811594202 0.30406944444444445 0.2620942028985507 0.3581111111111111 0.2823768115942029 0.3736527777777778 0.26515942028985506 0.43798611111111113 0.2411376811594203 0.44532407407407404 0.2131086956521739 0.4116898148148148 0.1673550724637681 0.3358425925925926 0.15534057971014495 0.3019907407407408 0.20546376811594202
0 0.22521296296296298 0.2817608695652174 0.25986574074074076 0.29039130434782606 0.30524074074074076 0.27173188405797105 0.30035185185185187 0.2158840579710145 0.3304212962962963 0.156036231884058 0.3155694444444444 0.11959420289855073 0.293875 0.11439130434782609 0.21898148148148147 0.17246376811594202 0.22521296296296298 0.2817608695652174