0 0.40390625 0.09583333333333334 0.41328125 0.09444444444444444 0.425 0.075 0.425 0.0625 0.4125 0.04583333333333333 0.40625 0.04861111111111111 0.4015625 0.058333333333333334 0.4 0.08611111111111111 0.40390625 0.09583333333333334
0 0.571875 0.4736111111111111 0.5796875 0.47638888888888886 0.5875 0.4888888888888889 0.5953125 0.48333333333333334 0.60703125 0.4625 0.61484375 0.4388888888888889 0.61015625 0.4013888888888889 0.6015625 0.3888888888888889 0.59140625 0.38472222222222224 0.578125 0.3902777777777778 0.5765625 0.39861111111111114 0.5640625 0.4097222222222222 0.56328125 0.45 0.571875 0.4736111111111111
0 0.5640625 0.40555555555555556 0.571875 0.4125 0.5859375 0.4083333333333333 0.58671875 0.3972222222222222 0.59140625 0.3888888888888889 0.6109375 0.3875 0.6171875 0.35555555555555557 0.6265625 0.3333333333333333 0.6265625 0.31666666666666665 0.6109375 0.2861111111111111 0.603125 0.28055555555555556 0.59453125 0.2833333333333333 0.5640625 0.31666666666666665 0.55703125 0.37222222222222223 0.5640625 0.40555555555555556
0 0.63671875 0.43194444444444446 0.6765625 0.4486111111111111 0.69453125 0.41805555555555557 0.709375 0.37222222222222223 0.71015625 0.3527777777777778 0.7046875 0.34305555555555556 0.69296875 0.3388888888888889 0.68046875 0.3416666666666667 0.665625 0.33055555555555555 0.64921875 0.33194444444444443 0.63046875 0.3527777777777778 0.63359375 0.37083333333333335 0.62265625 0.3763888888888889 0.62109375 0.38333333333333336 0.61796875 0.4027777777777778 0.63671875 0.43194444444444446
0 0.68984375 0.4847222222222222 0.7140625 0.4861111111111111 0.7328125 0.49444444444444446 0.75703125 0.45416666666666666 0.76640625 0.41388888888888886 0.7578125 0.38333333333333336 0.759375 0.36527777777777776 0.74375 0.33194444444444443 0.7375 0.33194444444444443 0.72421875 0.3402777777777778 0.7109375 0.3638888888888889 0.7078125 0.37777777777777777 0.703125 0.38333333333333336 0.6953125 0.41944444444444445 0.68828125 0.4236111111111111 0.684375 0.44583333333333336 0.68984375 0.4847222222222222
0 0.60703125 0.4930555555555556 0.6109375 0.5166666666666667 0.65 0.5458333333333333 0.65390625 0.5430555555555555 0.6578125 0.5555555555555556 0.66875 0.5527777777777778 0.68125 0.5347222222222222 0.68515625 0.5222222222222223 0.6859375 0.5 0.6796875 0.4736111111111111 0.67265625 0.45555555555555555 0.66328125 0.44722222222222224 0.64921875 0.44305555555555554 0.634375 0.4486111111111111 0.62734375 0.45416666666666666 0.61328125 0.4791666666666667 0.61484375 0.4861111111111111 0.60703125 0.4930555555555556
0 0.50703125 0.3736111111111111 0.5125 0.3958333333333333 0.540625 0.43472222222222223 0.54453125 0.43333333333333335 0.5453125 0.4236111111111111 0.5515625 0.4152777777777778 0.55078125 0.4027777777777778 0.55703125 0.38472222222222224 0.5578125 0.3763888888888889 0.55390625 0.36666666666666664 0.5640625 0.3416666666666667 0.56484375 0.31805555555555554 0.5515625 0.30833333333333335 0.52890625 0.33055555555555555 0.521875 0.34444444444444444 0.51328125 0.3472222222222222 0.50546875 0.3625 0.503125 0.36944444444444446 0.50703125 0.3736111111111111
0 0.56640625 0.30972222222222223 0.59375 0.28194444444444444 0.59765625 0.26805555555555555 0.5921875 0.25416666666666665 0.58125 0.24722222222222223 0.57265625 0.2513888888888889 0.5640625 0.26666666666666666 0.56328125 0.28888888888888886 0.56640625 0.30972222222222223
0 0.61171875 0.2833333333333333 0.6296875 0.3236111111111111 0.634375 0.325 0.65234375 0.32083333333333336 0.6671875 0.28055555555555556 0.66484375 0.25416666666666665 0.6515625 0.23472222222222222 0.62109375 0.2513888888888889 0.609375 0.2638888888888889 0.6078125 0.28194444444444444 0.61171875 0.2833333333333333
0 0.59921875 0.25833333333333336 0.60625 0.2611111111111111 0.6453125 0.23472222222222222 0.65 0.22083333333333333 0.646875 0.20416666666666666 0.63828125 0.19305555555555556 0.61875 0.19583333333333333 0.60234375 0.20833333333333334 0.5984375 0.2152777777777778 0.59921875 0.25833333333333336
0 0.6640625 0.3263888888888889 0.67578125 0.3388888888888889 0.7046875 0.34305555555555556 0.7078125 0.3388888888888889 0.70625 0.30833333333333335 0.6984375 0.2916666666666667 0.68515625 0.2791666666666667 0.675 0.2763888888888889 0.6703125 0.28055555555555556 0.665625 0.275 0.65234375 0.3138888888888889 0.65234375 0.325 0.6640625 0.3263888888888889
0 0.7453125 0.3388888888888889 0.759375 0.3625 0.76328125 0.4013888888888889 0.7671875 0.4027777777777778 0.78671875 0.37222222222222223 0.78828125 0.34444444444444444 0.7734375 0.31527777777777777 0.75625 0.3111111111111111 0.73515625 0.3333333333333333 0.7453125 0.3388888888888889