0 0.48275728155339803 0.6561666666666667 0.45414077669902914 0.7004803921568628 0.4329757281553398 0.7969705882352941 0.47799514563106793 0.8575980392156862 0.5435679611650485 0.8518578431372549 0.5763980582524272 0.831857843137255 0.6047864077669903 0.8158823529411765 0.6352281553398058 0.7627107843137254 0.6610048543689321 0.722735294117647 0.6678592233009709 0.6792843137254903 0.6192766990291262 0.6109607843137255 0.5348980582524272 0.6299313725490197 0.48275728155339803 0.6561666666666667
0 0.6190825242718447 0.8234607843137255 0.6494271844660194 0.9013186274509803 0.6798106796116504 0.9474264705882354 0.7036941747572816 0.9426666666666667 0.7367718446601942 0.882985294117647 0.7631650485436893 0.8194313725490195 0.7840825242718445 0.8135980392156862 0.8107669902912621 0.711171568627451 0.7460485436893204 0.6502843137254901 0.6870485436893204 0.6748627450980392 0.6349417475728155 0.7782450980392157 0.6190825242718447 0.8234607843137255
0 0.6407864077669904 0.6271127450980392 0.6968349514563107 0.6509656862745098 0.7567718446601942 0.6197303921568628 0.7802475728155339 0.5628676470588235 0.7822233009708738 0.5211029411764706 0.7789320388349515 0.4854705882352941 0.7650339805825244 0.44987745098039217 0.7289757281553398 0.4276372549019608 0.6908058252427185 0.4215539215686275 0.6521407766990291 0.4232156862745098 0.6313349514563107 0.4697450980392157 0.6059126213592233 0.5525686274509805 0.6407864077669904 0.6271127450980392
0 0.4219368932038835 0.4926862745098039 0.40570388349514563 0.5469166666666666 0.4737330097087379 0.6140980392156863 0.4979174757281553 0.6228823529411764 0.5416262135922331 0.6080392156862745 0.572004854368932 0.5655245098039215 0.6029854368932039 0.4704950980392157 0.5946844660194175 0.4353137254901961 0.5799805825242719 0.3914166666666667 0.5226941747572815 0.3914166666666667 0.48074271844660194 0.42524019607843133 0.4628398058252427 0.45809803921568626 0.4219368932038835 0.4926862745098039
0 0.8249077669902913 0.4778235294117647 0.7903300970873786 0.5580637254901961 0.7903300970873786 0.6278039215686274 0.8246067961165049 0.6669901960784314 0.8473980582524272 0.6669901960784314 0.9466990291262136 0.4357303921568627 0.9118349514563107 0.4093823529411765 0.8465922330097088 0.4337107843137255 0.8249077669902913 0.4778235294117647
0 0.06796116504854369 0.7401960784313726 0.06796116504854369 0.8235294117647058 0.07281553398058252 0.8333333333333334 0.07766990291262135 0.8333333333333334 0.09223300970873786 0.8529411764705882 0.12135922330097088 0.8627450980392157 0.13106796116504854 0.8725490196078431 0.1941747572815534 0.8627450980392157 0.22330097087378642 0.8284313725490197 0.22330097087378642 0.7990196078431373 0.21844660194174756 0.7941176470588235 0.21359223300970873 0.7450980392156863 0.18446601941747573 0.6617647058823529 0.1650485436893204 0.6470588235294118 0.13106796116504854 0.6519607843137255 0.07281553398058252 0.7156862745098039 0.07281553398058252 0.7352941176470589 0.06796116504854369 0.7401960784313726
0 0.2815533980582524 0.8480392156862745 0.2766990291262136 0.8823529411764706 0.2815533980582524 0.9019607843137255 0.2961165048543689 0.9166666666666666 0.2961165048543689 0.9313725490196079 0.3106796116504854 0.946078431372549 0.42718446601941745 0.9901960784313726 0.4368932038834951 0.9852941176470589 0.47572815533980584 0.9852941176470589 0.45145631067961167 0.9607843137254902 0.46116504854368934 0.9019607843137255 0.4563106796116505 0.9019607843137255 0.4320388349514563 0.8529411764705882 0.4320388349514563 0.8284313725490197 0.3883495145631068 0.7794117647058824 0.3737864077669903 0.7696078431372549 0.34951456310679613 0.7843137254901961 0.33495145631067963 0.7794117647058824 0.3106796116504854 0.7892156862745098 0.28640776699029125 0.8137254901960784 0.2766990291262136 0.8333333333333334 0.2815533980582524 0.8480392156862745
0 0.4700097087378641 0.9491127450980392 0.49863592233009707 0.9950980392156863 0.5841504854368932 0.9950980392156863 0.6778592233009709 0.9950980392156863 0.6565339805825243 0.9295882352941176 0.6349077669902913 0.8725049019607843 0.5973155339805825 0.8391127450980392 0.5486407766990291 0.8563235294117647 0.48281067961165053 0.8995784313725491 0.4700097087378641 0.9491127450980392
0 0.24425728155339807 0.668950980392157 0.23457766990291262 0.6958480392156863 0.22605825242718444 0.7632303921568628 0.25737864077669903 0.8083529411764706 0.3038349514563107 0.8089313725490196 0.35586407766990297 0.7523578431372548 0.4168398058252427 0.7523578431372548 0.416126213592233 0.7020637254901961 0.4165436893203884 0.635593137254902 0.38264077669902913 0.57925 0.3454466019417476 0.5964460784313725 0.24140776699029123 0.6703774509803921 0.24425728155339807 0.668950980392157
0 0.32038834951456313 0.24509803921568626 0.32524271844660196 0.28431372549019607 0.3640776699029126 0.3382352941176471 0.4077669902912621 0.3431372549019608 0.41262135922330095 0.3480392156862745 0.44660194174757284 0.3480392156862745 0.46116504854368934 0.3431372549019608 0.4854368932038835 0.31862745098039214 0.49029126213592233 0.27450980392156865 0.46601941747572817 0.21568627450980393 0.441747572815534 0.18627450980392157 0.4320388349514563 0.18627450980392157 0.4174757281553398 0.1715686274509804 0.3932038834951456 0.1715686274509804 0.3786407766990291 0.18137254901960784 0.3592233009708738 0.18137254901960784 0.33980582524271846 0.19607843137254902 0.32524271844660196 0.22058823529411764 0.32524271844660196 0.24019607843137256 0.32038834951456313 0.24509803921568626
0 0.5194174757281553 0.24019607843137256 0.5242718446601942 0.24509803921568626 0.5242718446601942 0.27450980392156865 0.5339805825242718 0.29411764705882354 0.5533980582524272 0.30392156862745096 0.6019417475728155 0.3088235294117647 0.6504854368932039 0.28431372549019607 0.6601941747572816 0.27450980392156865 0.6699029126213593 0.25 0.6844660194174758 0.23039215686274508 0.6504854368932039 0.19117647058823528 0.616504854368932 0.1715686274509804 0.587378640776699 0.16666666666666666 0.5825242718446602 0.16176470588235295 0.529126213592233 0.16176470588235295 0.5194174757281553 0.16666666666666666 0.5194174757281553 0.24019607843137256
0 0.30097087378640774 0.4852941176470588 0.34951456310679613 0.5294117647058824 0.3640776699029126 0.5294117647058824 0.36893203883495146 0.5196078431372549 0.4077669902912621 0.5 0.4320388349514563 0.47058823529411764 0.44660194174757284 0.43137254901960786 0.46116504854368934 0.43137254901960786 0.44660194174757284 0.37254901960784315 0.39805825242718446 0.35784313725490197 0.3883495145631068 0.35784313725490197 0.3106796116504854 0.4166666666666667 0.30097087378640774 0.4411764705882353 0.30097087378640774 0.4852941176470588