0 0.03398058252427184 0.6421568627450981 0.03398058252427184 0.6764705882352942 0.038834951456310676 0.6813725490196079 0.07766990291262135 0.6911764705882353 0.13106796116504854 0.7352941176470589 0.15048543689320387 0.7352941176470589 0.20388349514563106 0.7156862745098039 0.21359223300970873 0.7107843137254902 0.23300970873786409 0.6666666666666666 0.22815533980582525 0.6470588235294118 0.23300970873786409 0.5 0.21844660194174756 0.4852941176470588 0.1941747572815534 0.47549019607843135 0.1407766990291262 0.4803921568627451 0.11650485436893204 0.4950980392156863 0.0825242718446602 0.5294117647058824 0.038834951456310676 0.5980392156862745 0.038834951456310676 0.6372549019607843 0.03398058252427184 0.6421568627450981
0 0.7233009708737864 0.30392156862745096 0.7912621359223301 0.3627450980392157 0.8300970873786407 0.36764705882352944 0.8932038834951457 0.3382352941176471 0.9077669902912622 0.3235294117647059 0.9320388349514563 0.23039215686274508 0.9029126213592233 0.13725490196078433 0.8640776699029126 0.10784313725490197 0.8349514563106796 0.10294117647058823 0.7864077669902912 0.12254901960784313 0.7427184466019418 0.17647058823529413 0.7281553398058253 0.20588235294117646 0.7184466019417476 0.23039215686274508 0.7233009708737864 0.30392156862745096
0 0.46601941747572817 0.2647058823529412 0.49029126213592233 0.29411764705882354 0.5631067961165048 0.29901960784313725 0.6262135922330098 0.2647058823529412 0.6262135922330098 0.25980392156862747 0.6407766990291263 0.25980392156862747 0.6650485436893204 0.23529411764705882 0.6601941747572816 0.23039215686274508 0.6699029126213593 0.20588235294117646 0.6699029126213593 0.12745098039215685 0.6213592233009708 0.06862745098039216 0.5970873786407767 0.06862745098039216 0.5776699029126213 0.058823529411764705 0.5194174757281553 0.09313725490196079 0.5 0.11274509803921569 0.44660194174757284 0.20098039215686275 0.441747572815534 0.2107843137254902 0.46601941747572817 0.2647058823529412
0 0.32524271844660196 0.27941176470588236 0.33495145631067963 0.28921568627450983 0.35436893203883496 0.28921568627450983 0.3737864077669903 0.2696078431372549 0.3932038834951456 0.2696078431372549 0.4077669902912621 0.25980392156862747 0.4320388349514563 0.25980392156862747 0.44660194174757284 0.24509803921568626 0.4563106796116505 0.2107843137254902 0.45145631067961167 0.20588235294117646 0.49514563106796117 0.11764705882352941 0.49514563106796117 0.09313725490196079 0.46601941747572817 0.06862745098039216 0.4320388349514563 0.06862745098039216 0.42718446601941745 0.06372549019607843 0.38349514563106796 0.06862745098039216 0.36893203883495146 0.08333333333333333 0.35436893203883496 0.08823529411764706 0.32038834951456313 0.12254901960784313 0.30097087378640774 0.15196078431372548 0.2912621359223301 0.21568627450980393 0.32524271844660196 0.27941176470588236
0 0.2524271844660194 0.49019607843137253 0.2961165048543689 0.5049019607843137 0.36893203883495146 0.5 0.4320388349514563 0.46078431372549017 0.46601941747572817 0.3872549019607843 0.46116504854368934 0.3284313725490196 0.4320388349514563 0.27941176470588236 0.38349514563106796 0.27941176470588236 0.3640776699029126 0.29901960784313725 0.32524271844660196 0.3137254901960784 0.30097087378640774 0.3382352941176471 0.2912621359223301 0.3382352941176471 0.27184466019417475 0.35784313725490197 0.24271844660194175 0.4068627450980392 0.23300970873786409 0.4411764705882353 0.2524271844660194 0.49019607843137253
0 0.7147330097087379 0.6335294117647059 0.7635679611650484 0.6922990196078432 0.8263786407766991 0.7094656862745098 0.8487233009708738 0.6947303921568627 0.9255097087378641 0.5142303921568627 0.921373786407767 0.379014705882353 0.8829368932038835 0.35961274509803925 0.845878640776699 0.36819607843137253 0.7724660194174756 0.43066176470588236 0.7268689320388351 0.46649999999999997 0.7242184466019417 0.49019607843137253 0.6919029126213593 0.5593039215686274 0.7147330097087379 0.6335294117647059
0 0.5393058252427184 0.5676666666666667 0.6111796116504855 0.5934117647058823 0.666 0.5597892156862745 0.7102038834951456 0.5003823529411765 0.6796699029126214 0.39862254901960786 0.665373786407767 0.34705882352941175 0.6139611650485437 0.3344754901960785 0.5562864077669902 0.36168627450980395 0.517242718446602 0.47847058823529415 0.5393058252427184 0.5676666666666667
0 0.5314077669902912 0.5568676470588235 0.48479126213592233 0.511671568627451 0.43040776699029126 0.49947549019607845 0.37589805825242717 0.5740245098039216 0.348878640776699 0.6536274509803922 0.3514223300970874 0.7140098039215685 0.402252427184466 0.7544558823529411 0.49099029126213595 0.7456372549019609 0.515126213592233 0.7123235294117647 0.5423106796116505 0.6500049019607843 0.5314077669902912 0.5568676470588235
0 0.5316747572815534 0.8745686274509804 0.6460194174757282 0.9128137254901961 0.6767281553398059 0.8671176470588235 0.6668592233009708 0.7715588235294117 0.6354126213592234 0.6996666666666667 0.5851796116504854 0.6601617647058824 0.551 0.6762549019607843 0.5457864077669903 0.7140980392156863 0.5140291262135922 0.8019803921568628 0.5316747572815534 0.8745686274509804
0 0.6293252427184466 0.694186274509804 0.6550970873786407 0.7450049019607843 0.6785679611650485 0.8464901960784313 0.6929223300970874 0.8785343137254902 0.7545679611650485 0.8814950980392157 0.8089077669902912 0.7267598039215686 0.7225582524271845 0.6333676470588235 0.6881213592233009 0.6266813725490197 0.6339223300970873 0.6657450980392158 0.6293252427184466 0.694186274509804
0 0.24079126213592233 0.7166911764705883 0.24024757281553397 0.7353774509803921 0.3231456310679612 0.8229117647058823 0.3960291262135922 0.8305245098039216 0.4255485436893204 0.8044754901960784 0.3543155339805825 0.7426470588235294 0.3422087378640777 0.6757254901960785 0.27547572815533977 0.6653970588235295 0.24079126213592233 0.7166911764705883