0 0.36484375 0.19722222222222222 0.37578125 0.1763888888888889 0.3765625 0.15833333333333333 0.37265625 0.14444444444444443 0.35859375 0.14027777777777778 0.3484375 0.16527777777777777 0.3484375 0.19305555555555556 0.36484375 0.19722222222222222
0 0.665625 0.35833333333333334 0.66328125 0.36527777777777776 0.66640625 0.37222222222222223 0.67421875 0.3736111111111111 0.67734375 0.4 0.69609375 0.4222222222222222 0.7171875 0.4152777777777778 0.7171875 0.4083333333333333 0.72265625 0.39861111111111114 0.721875 0.3875 0.73203125 0.3763888888888889 0.740625 0.34305555555555556 0.73984375 0.33055555555555555 0.73203125 0.3138888888888889 0.69375 0.2875 0.68046875 0.2902777777777778 0.66328125 0.31527777777777777 0.6609375 0.325 0.665625 0.35833333333333334
0 0.72421875 0.4708333333333333 0.728125 0.4791666666666667 0.73203125 0.4777777777777778 0.74609375 0.4625 0.75859375 0.4375 0.7625 0.40555555555555556 0.76171875 0.375 0.75703125 0.35555555555555557 0.74296875 0.34305555555555556 0.73515625 0.3472222222222222 0.71875 0.4083333333333333 0.7171875 0.4152777777777778 0.72421875 0.4708333333333333
0 0.63125 0.5291666666666667 0.67421875 0.5708333333333333 0.6890625 0.5708333333333333 0.69375 0.5486111111111112 0.69453125 0.4875 0.68984375 0.4652777777777778 0.67734375 0.4388888888888889 0.67421875 0.43472222222222223 0.63671875 0.4388888888888889 0.62265625 0.4625 0.61875 0.49027777777777776 0.63125 0.5291666666666667
0 0.5515625 0.44583333333333336 0.55234375 0.45416666666666666 0.56875 0.4791666666666667 0.5921875 0.49444444444444446 0.6125 0.4444444444444444 0.61875 0.4125 0.61640625 0.39305555555555555 0.6015625 0.375 0.590625 0.37083333333333335 0.58046875 0.3763888888888889 0.56796875 0.4041666666666667 0.56015625 0.4375 0.5515625 0.44583333333333336
0 0.5015625 0.35138888888888886 0.51015625 0.37222222222222223 0.5234375 0.38472222222222224 0.53984375 0.3819444444444444 0.54765625 0.3638888888888889 0.54765625 0.35138888888888886 0.55546875 0.3277777777777778 0.5640625 0.31666666666666665 0.5671875 0.30416666666666664 0.54921875 0.28194444444444444 0.5390625 0.28055555555555556 0.5265625 0.2902777777777778 0.503125 0.32916666666666666 0.5 0.3375 0.5015625 0.35138888888888886
0 0.56875 0.29444444444444445 0.5953125 0.3138888888888889 0.609375 0.30694444444444446 0.61640625 0.2875 0.62734375 0.2791666666666667 0.63046875 0.28194444444444444 0.6359375 0.2513888888888889 0.6265625 0.22083333333333333 0.615625 0.21805555555555556 0.5875 0.2222222222222222 0.5703125 0.24305555555555555 0.5640625 0.25833333333333336 0.56875 0.29444444444444445
0 0.61015625 0.3458333333333333 0.61484375 0.35555555555555557 0.6265625 0.35833333333333334 0.64609375 0.33055555555555555 0.65546875 0.325 0.65625 0.3125 0.64375 0.28888888888888886 0.63046875 0.2791666666666667 0.61875 0.2833333333333333 0.6 0.31805555555555554 0.6 0.3416666666666667 0.61015625 0.3458333333333333
0 0.5515625 0.3861111111111111 0.559375 0.39166666666666666 0.5703125 0.3888888888888889 0.57578125 0.38472222222222224 0.58359375 0.36666666666666664 0.5921875 0.3263888888888889 0.5765625 0.3013888888888889 0.5640625 0.3013888888888889 0.54765625 0.35555555555555557 0.54609375 0.37222222222222223 0.5515625 0.3861111111111111
0 0.53359375 0.43194444444444446 0.540625 0.4388888888888889 0.5484375 0.43472222222222223 0.5515625 0.4083333333333333 0.54921875 0.3888888888888889 0.540625 0.38055555555555554 0.51640625 0.38472222222222224 0.52109375 0.40694444444444444 0.53359375 0.43194444444444446
0 0.61953125 0.3875 0.62578125 0.4041666666666667 0.63828125 0.4083333333333333 0.659375 0.4041666666666667 0.66953125 0.3875 0.6625 0.375 0.66015625 0.3611111111111111 0.6625 0.3527777777777778 0.6578125 0.3236111111111111 0.6453125 0.32916666666666666 0.6421875 0.3388888888888889 0.63828125 0.3388888888888889 0.625 0.3597222222222222 0.61953125 0.37222222222222223 0.61953125 0.3875