0 0.6731574803149606 0.5650684210526316 0.663244094488189 0.6398684210526316 0.7411771653543306 0.6892894736842106 0.7721220472440945 0.6237736842105263 0.7685551181102362 0.5359842105263158 0.7483582677165355 0.5028157894736842 0.6948346456692913 0.505521052631579 0.6731574803149606 0.5650684210526316
0 0.6098700787401575 0.42798421052631574 0.5755787401574803 0.48322105263157894 0.5533897637795275 0.5271315789473684 0.5511653543307087 0.5697421052631579 0.6172874015748031 0.6051947368421052 0.672244094488189 0.4842105263157895 0.6499645669291338 0.4473263157894737 0.6098700787401575 0.42798421052631574
0 0.4736771653543307 0.38813157894736844 0.46137401574803144 0.44579473684210524 0.5106653543307087 0.5191421052631578 0.5493622047244094 0.5184526315789474 0.5739015748031495 0.4726421052631579 0.5787401574803149 0.3736842105263158 0.538972440944882 0.35113684210526314 0.4736771653543307 0.38813157894736844
0 0.546503937007874 0.26844210526315787 0.5133070866141732 0.3098947368421053 0.5153110236220473 0.34721578947368426 0.5923503937007873 0.3850578947368421 0.6188976377952755 0.34255263157894733 0.6210629921259843 0.2776315789473684 0.5966771653543308 0.25188947368421055 0.546503937007874 0.26844210526315787
0 0.6049527559055118 0.3801473684210526 0.6082992125984252 0.4263736842105263 0.6816574803149605 0.4762473684210526 0.7125866141732284 0.4617 0.7315905511811024 0.39816842105263156 0.6899606299212598 0.33157894736842103 0.6267677165354332 0.33665263157894737 0.6049527559055118 0.3801473684210526
0 0.7814133858267717 0.5516315789473685 0.8111417322834645 0.5428789473684211 0.8382086614173229 0.5048315789473684 0.8318740157480314 0.44801578947368426 0.8039488188976378 0.41701578947368423 0.734251968503937 0.4105263157894737 0.7146929133858269 0.47776842105263156 0.7814133858267717 0.5516315789473685
0 0.7426889763779527 0.39607368421052636 0.8096377952755905 0.41400526315789477 0.8277952755905511 0.3738052631578947 0.8145433070866142 0.29297894736842106 0.7667322834645669 0.28157894736842104 0.7275314960629922 0.3417631578947369 0.7426889763779527 0.39607368421052636
0 0.638224409448819 0.3151894736842105 0.716003937007874 0.33340526315789476 0.7533661417322834 0.2921684210526316 0.7333346456692913 0.22283684210526314 0.6702755905511811 0.21447368421052632 0.638224409448819 0.2712052631578948 0.638224409448819 0.3151894736842105
0 0.5586732283464566 0.21950526315789476 0.5920118110236221 0.2444421052631579 0.6340590551181102 0.22361052631578945 0.6452795275590552 0.1601421052631579 0.6390196850393701 0.1298421052631579 0.6131889763779528 0.1118421052631579 0.5615236220472442 0.15216842105263156 0.5586732283464566 0.21950526315789476
0 0.4545393700787402 0.13624736842105264 0.43727165354330705 0.19095789473684208 0.46489370078740155 0.2461421052631579 0.5158346456692913 0.2503736842105263 0.5421181102362205 0.14933684210526316 0.5238543307086614 0.11446315789473685 0.4714566929133858 0.125 0.4545393700787402 0.13624736842105264
0 0.34451181102362205 0.3096473684210526 0.2931062992125984 0.3532736842105263 0.32790944881889766 0.42977894736842104 0.3486496062992126 0.4614315789473684 0.4088661417322835 0.4212 0.4013149606299212 0.3540578947368421 0.34451181102362205 0.3096473684210526
0 0.19010629921259842 0.37240526315789474 0.1404488188976378 0.4124105263157895 0.14676377952755906 0.4404789473684211 0.17375984251968504 0.5044052631578948 0.250011811023622 0.5050210526315789 0.28848818897637796 0.4518368421052632 0.24654724409448817 0.3786105263157895 0.19010629921259842 0.37240526315789474
0 0.14603543307086617 0.2764842105263158 0.1130275590551181 0.27675263157894736 0.09326771653543307 0.3395947368421052 0.1276811023622047 0.38601578947368426 0.1631023622047244 0.3852263157894737 0.18639763779527557 0.3660210526315789 0.1809212598425197 0.30992105263157893 0.14603543307086617 0.2764842105263158
0 0.06931496062992126 0.49865263157894735 0.1207007874015748 0.5548631578947368 0.16053937007874017 0.5547263157894736 0.17621259842519685 0.509957894736842 0.13201574803149604 0.42976315789473685 0.06342125984251969 0.41357894736842105 0.06931496062992126 0.49865263157894735
0 0.4358582677165354 0.16827894736842106 0.39955905511811024 0.17366315789473685 0.39703543307086614 0.2539368421052631 0.41044094488188976 0.3173947368421053 0.4450472440944882 0.3395473684210526 0.46062992125984253 0.2994736842105263 0.4562086614173228 0.2274684210526316 0.4358582677165354 0.16827894736842106
0 0.4023622047244095 0.42659473684210525 0.36919291338582677 0.45877368421052633 0.369988188976378 0.5050894736842105 0.43169291338582677 0.5671578947368421 0.5075236220472441 0.5278368421052632 0.4575984251968504 0.4462210526315789 0.4023622047244095 0.42659473684210525
0 0.34705905511811025 0.5171 0.29985826771653545 0.5632315789473684 0.3129527559055118 0.6529 0.4100472440944882 0.6659631578947368 0.445503937007874 0.6399421052631579 0.4320984251968504 0.5695157894736842 0.34705905511811025 0.5171
0 0.2026929133858268 0.6475263157894737 0.24601968503937008 0.6735631578947369 0.3088503937007874 0.6461210526315789 0.31513779527559055 0.6003631578947368 0.2805157480314961 0.5481842105263158 0.1917992125984252 0.5509473684210526 0.2026929133858268 0.6475263157894737
0 0.11366535433070865 0.7486473684210526 0.15168897637795278 0.8076263157894737 0.2436771653543307 0.7887473684210526 0.26180708661417323 0.7598526315789474 0.25070472440944885 0.6656315789473685 0.1275 0.6860368421052632 0.11366535433070865 0.7486473684210526
0 0.3478425196850394 0.7780947368421053 0.4201968503937008 0.7835526315789474 0.446 0.7185315789473683 0.41543307086614173 0.6755947368421052 0.3511614173228346 0.6609631578947368 0.3418267716535433 0.7073473684210526 0.3478425196850394 0.7780947368421053
0 0.21631889763779527 0.8198052631578948 0.22144094488188978 0.8664263157894737 0.29565354330708665 0.9173684210526316 0.34508661417322833 0.9143315789473685 0.3654803149606299 0.8623736842105263 0.3057362204724409 0.7555526315789474 0.2554685039370079 0.7597526315789475 0.21631889763779527 0.8198052631578948
0 0.4429566929133858 0.974278947368421 0.4864055118110236 0.9292526315789473 0.49258661417322835 0.8607263157894738 0.4501850393700787 0.8396210526315789 0.367759842519685 0.8466368421052631 0.37346062992125983 0.9121315789473684 0.4429566929133858 0.974278947368421
0 0.5564527559055118 0.9001105263157894 0.6228503937007874 0.8930473684210526 0.6370078740157481 0.8671052631578947 0.6230590551181102 0.8268578947368421 0.5424645669291339 0.7356999999999999 0.5154291338582677 0.8136894736842105 0.5564527559055118 0.9001105263157894
0 0.41064173228346457 0.7665526315789474 0.41753543307086616 0.8129631578947368 0.5109803149606299 0.8248052631578947 0.5278779527559054 0.7186684210526315 0.4819291338582677 0.6693263157894737 0.41064173228346457 0.7665526315789474
0 0.4212716535433071 0.6709 0.44050393700787405 0.7015210526315789 0.5578622047244095 0.7285684210526315 0.5730314960629922 0.6423105263157894 0.5349606299212598 0.587421052631579 0.4568582677165354 0.606078947368421 0.4212716535433071 0.6709
0 0.6758425196850393 0.9322052631578948 0.7417992125984252 0.9246315789473685 0.7568976377952756 0.8533000000000001 0.7143622047244095 0.768921052631579 0.6621377952755905 0.7613894736842105 0.6301535433070866 0.8256473684210526 0.6758425196850393 0.9322052631578948
0 0.7603897637795276 0.8641 0.816015748031496 0.868421052631579 0.8377716535433072 0.8305157894736842 0.8206062992125984 0.7675263157894737 0.7704566929133858 0.7333631578947368 0.7289015748031495 0.7704684210526316 0.7603897637795276 0.8641
0 0.8573897637795275 0.822457894736842 0.9231496062992126 0.7927842105263158 0.950263779527559 0.7168684210526316 0.9414173228346457 0.6788315789473685 0.8995629921259842 0.6725526315789474 0.8246181102362204 0.7158473684210526 0.8249094488188976 0.7700631578947369 0.8573897637795275 0.822457894736842
0 0.759732283464567 0.6971947368421053 0.8090551181102362 0.7402947368421053 0.8616732283464568 0.6981526315789474 0.8429448818897638 0.6266578947368421 0.7835590551181102 0.5920631578947368 0.759732283464567 0.6414421052631579 0.759732283464567 0.6971947368421053
0 0.843232283464567 0.6095368421052632 0.8816181102362205 0.6731578947368422 0.9366535433070866 0.6628421052631579 0.946228346456693 0.6108842105263158 0.9371377952755905 0.5727684210526316 0.8709133858267716 0.5219947368421053 0.8419094488188976 0.5583473684210526 0.843232283464567 0.6095368421052632
0 0.8832401574803149 0.36903684210526316 0.8417283464566929 0.42406842105263154 0.8348543307086614 0.5082052631578947 0.8424645669291339 0.5398157894736842 0.9353700787401575 0.5564157894736842 0.955240157480315 0.4934842105263158 0.9338070866141732 0.3713526315789474 0.8832401574803149 0.36903684210526316
0 0.8194251968503936 0.28985263157894736 0.8296732283464566 0.3806105263157895 0.8515039370078741 0.4000105263157894 0.8888385826771653 0.35841052631578946 0.8840905511811024 0.30777894736842104 0.8490748031496063 0.26742105263157895 0.8194251968503936 0.28985263157894736
0 0.740244094488189 0.24225789473684212 0.7521929133858267 0.29226315789473684 0.8177401574803149 0.2928157894736842 0.8269842519685039 0.26617368421052634 0.8030393700787402 0.21363684210526315 0.7575984251968504 0.2110736842105263 0.740244094488189 0.24225789473684212
0 0.24570472440944882 0.2978263157894737 0.24570472440944882 0.35688947368421053 0.2794094488188976 0.3693894736842105 0.31685433070866137 0.3205578947368421 0.31957874015748033 0.2635421052631579 0.2784015748031496 0.2687052631578947 0.24570472440944882 0.2978263157894737