0 0.6859375 0.12638888888888888 0.69453125 0.13472222222222222 0.71328125 0.1388888888888889 0.721875 0.12222222222222222 0.71875 0.09861111111111111 0.70859375 0.08333333333333333 0.7 0.08333333333333333 0.68515625 0.09722222222222222 0.68359375 0.11527777777777778 0.6859375 0.12638888888888888
0 0.22265625 0.41944444444444445 0.2296875 0.4236111111111111 0.22890625 0.4388888888888889 0.24140625 0.5041666666666667 0.2390625 0.5166666666666667 0.24140625 0.525 0.24765625 0.525 0.27578125 0.4875 0.27890625 0.46944444444444444 0.275 0.41805555555555557 0.2640625 0.38472222222222224 0.2546875 0.37083333333333335 0.2453125 0.36666666666666664 0.23046875 0.36944444444444446 0.221875 0.38472222222222224 0.2203125 0.4111111111111111 0.22265625 0.41944444444444445
0 0.221875 0.35555555555555557 0.228125 0.36666666666666664 0.2375 0.35833333333333334 0.2453125 0.3388888888888889 0.25703125 0.3277777777777778 0.25546875 0.3013888888888889 0.2421875 0.28194444444444444 0.2359375 0.2791666666666667 0.2203125 0.3111111111111111 0.21796875 0.3375 0.221875 0.35555555555555557
0 0.253125 0.35555555555555557 0.25703125 0.3638888888888889 0.25859375 0.37777777777777777 0.27734375 0.4097222222222222 0.28046875 0.4083333333333333 0.28671875 0.4166666666666667 0.29375 0.4125 0.29609375 0.4083333333333333 0.29453125 0.4041666666666667 0.29453125 0.37222222222222223 0.29296875 0.36944444444444446 0.29140625 0.35138888888888886 0.28515625 0.32916666666666666 0.27890625 0.3194444444444444 0.2671875 0.3194444444444444 0.26640625 0.32222222222222224 0.25703125 0.33055555555555555 0.25234375 0.3416666666666667 0.253125 0.35555555555555557
0 0.278125 0.44166666666666665 0.27890625 0.45416666666666666 0.2828125 0.46111111111111114 0.28984375 0.45 0.30390625 0.4361111111111111 0.30859375 0.4263888888888889 0.31171875 0.4236111111111111 0.31171875 0.42083333333333334 0.31015625 0.41805555555555557 0.30546875 0.4166666666666667 0.2984375 0.4111111111111111 0.2984375 0.4083333333333333 0.29609375 0.40694444444444444 0.29375 0.40694444444444444 0.28984375 0.4097222222222222 0.28984375 0.4125 0.28671875 0.41944444444444445 0.2828125 0.41944444444444445 0.28125 0.4222222222222222 0.278125 0.4375 0.278125 0.44166666666666665
0 0.1734375 0.44166666666666665 0.1890625 0.44027777777777777 0.20078125 0.4305555555555556 0.20859375 0.4 0.20078125 0.3597222222222222 0.1953125 0.3597222222222222 0.1890625 0.3486111111111111 0.1796875 0.34444444444444444 0.17265625 0.35138888888888886 0.16640625 0.37777777777777777 0.165625 0.40694444444444444 0.1734375 0.44166666666666665
0 0.2125 0.4125 0.21875 0.3888888888888889 0.21484375 0.3638888888888889 0.20625 0.3527777777777778 0.19453125 0.3597222222222222 0.19375 0.3680555555555556 0.2125 0.4125
0 0.15 0.6208333333333333 0.175 0.5972222222222222 0.18671875 0.5944444444444444 0.1875 0.5708333333333333 0.1734375 0.5347222222222222 0.1625 0.525 0.1484375 0.5208333333333334 0.14296875 0.5361111111111111 0.13828125 0.5569444444444445 0.15 0.6208333333333333
0 0.12890625 0.55 0.13984375 0.5597222222222222 0.1421875 0.5222222222222223 0.15234375 0.5125 0.1515625 0.5027777777777778 0.14609375 0.5 0.134375 0.4791666666666667 0.125 0.4791666666666667 0.1171875 0.49166666666666664 0.11875 0.525 0.12890625 0.55
0 0.16875 0.5152777777777777 0.1765625 0.5944444444444444 0.1890625 0.5972222222222222 0.19765625 0.5875 0.20234375 0.575 0.19921875 0.5638888888888889 0.2046875 0.5597222222222222 0.18515625 0.49027777777777776 0.18125 0.48194444444444445 0.17265625 0.4888888888888889 0.16875 0.5013888888888889 0.16875 0.5152777777777777
0 0.20625 0.525 0.21484375 0.5333333333333333 0.22421875 0.5319444444444444 0.23203125 0.5152777777777777 0.23203125 0.4777777777777778 0.2203125 0.44166666666666665 0.2125 0.42777777777777776 0.2046875 0.425 0.19296875 0.4305555555555556 0.18515625 0.4388888888888889 0.1796875 0.4583333333333333 0.18046875 0.4777777777777778 0.20625 0.525
0 0.14609375 0.49444444444444446 0.1578125 0.5041666666666667 0.1640625 0.5027777777777778 0.17265625 0.4722222222222222 0.165625 0.40694444444444444 0.15625 0.4097222222222222 0.1359375 0.4486111111111111 0.134375 0.47638888888888886 0.14609375 0.49444444444444446