0 0.5587571428571428 0.6365833333333334 0.5545785714285715 0.7850555555555556 0.6072714285714286 0.8641574074074073 0.7209357142857142 0.838212962962963 0.7672785714285714 0.698462962962963 0.7861785714285714 0.693787037037037 0.7779928571428572 0.5822685185185185 0.7001785714285714 0.5383611111111111 0.5871999999999999 0.5737314814814815 0.5587571428571428 0.6365833333333334
0 0.5839357142857143 0.517462962962963 0.6033357142857143 0.5653055555555555 0.7076285714285714 0.5328518518518519 0.8046785714285715 0.5981203703703704 0.8347357142857142 0.5869907407407408 0.8564285714285714 0.4895648148148148 0.7627 0.3893425925925926 0.7127785714285715 0.3614537037037037 0.6042928571428572 0.42745370370370367 0.5839357142857143 0.517462962962963
0 0.7611357142857142 0.38899074074074075 0.8653785714285714 0.4942592592592593 0.9222642857142856 0.3625555555555555 0.9374142857142858 0.2668888888888889 0.8714428571428571 0.22585185185185186 0.8214285714285714 0.2235462962962963 0.7562714285714286 0.2859537037037037 0.7611357142857142 0.38899074074074075
0 0.5514714285714286 0.22230555555555556 0.5507785714285713 0.32555555555555554 0.6124071428571428 0.4035555555555556 0.6584642857142857 0.39199999999999996 0.7028285714285715 0.3614074074074074 0.7391071428571429 0.29355555555555557 0.7273999999999999 0.14806481481481482 0.6510214285714285 0.1256574074074074 0.5514714285714286 0.22230555555555556
0 0.43989285714285714 0.1094537037037037 0.3610857142857143 0.15020370370370373 0.3303785714285714 0.25533333333333336 0.36352142857142855 0.3567037037037037 0.4276857142857143 0.38240740740740736 0.49915 0.34180555555555553 0.5310928571428571 0.24409259259259258 0.5433214285714285 0.15013888888888888 0.5071428571428571 0.09787962962962962 0.43989285714285714 0.1094537037037037
0 0.4314857142857143 0.5975462962962963 0.48899999999999993 0.601287037037037 0.5625428571428571 0.6010185185185185 0.5754571428571428 0.5308333333333333 0.6018571428571429 0.3978425925925926 0.5428813571428571 0.33071275 0.4772571428571429 0.35462962962962963 0.4095714285714286 0.4077314814814815 0.39617142857142856 0.5156388888888889 0.4314857142857143 0.5975462962962963
0 0.06560714285714286 0.4976574074074074 0.02437142857142857 0.6547499999999999 0.03107142857142857 0.7132037037037037 0.10698571428571428 0.7151666666666666 0.15984285714285715 0.76875 0.20766428571428572 0.7212222222222222 0.21555714285714286 0.5956388888888888 0.15512142857142855 0.4901296296296296 0.06560714285714286 0.4976574074074074
0 0.38625714285714285 0.6645000000000001 0.34142142857142854 0.7665740740740742 0.3537571428571429 0.8367685185185185 0.45167142857142856 0.8597037037037037 0.47115 0.8248148148148148 0.5714785714285715 0.8528703703703704 0.5416857142857143 0.7508148148148147 0.5520428571428572 0.6150833333333333 0.48824285714285715 0.6013981481481481 0.38625714285714285 0.6645000000000001
0 0.2766071428571429 0.6725648148148148 0.25107857142857143 0.7839999999999999 0.34945714285714286 0.8285555555555555 0.3563 0.7024814814814815 0.43265 0.6124351851851851 0.3556571428571429 0.59725 0.2766071428571429 0.6725648148148148
0 0.3096642857142857 0.5072037037037037 0.38610714285714287 0.5122685185185185 0.4088357142857143 0.3980462962962963 0.3560714285714286 0.3572314814814815 0.31530714285714284 0.29232407407407407 0.27131428571428573 0.40798148148148144 0.3096642857142857 0.5072037037037037
0 0.2503642857142857 0.4819074074074074 0.19357857142857143 0.5446018518518518 0.21848571428571428 0.6437685185185186 0.1793357142857143 0.7829907407407407 0.24804999999999996 0.7887962962962963 0.2710071428571429 0.6771111111111111 0.3460071428571429 0.5998703703703704 0.33367142857142856 0.5224907407407408 0.2503642857142857 0.4819074074074074