0 0.56796875 0.2916666666666667 0.5875 0.30972222222222223 0.60859375 0.3111111111111111 0.62265625 0.3013888888888889 0.63046875 0.28888888888888886 0.63515625 0.2638888888888889 0.6359375 0.24305555555555555 0.628125 0.21944444444444444 0.590625 0.21944444444444444 0.56953125 0.24444444444444444 0.56484375 0.25833333333333336 0.56796875 0.2916666666666667
0 0.584375 0.33055555555555555 0.5890625 0.3472222222222222 0.584375 0.3597222222222222 0.5859375 0.37083333333333335 0.60546875 0.37777777777777777 0.61484375 0.375 0.61875 0.3680555555555556 0.62578125 0.3458333333333333 0.62890625 0.3194444444444444 0.62265625 0.3 0.6140625 0.2986111111111111 0.59921875 0.3125 0.59140625 0.30416666666666664 0.57265625 0.3013888888888889 0.571875 0.31805555555555554 0.584375 0.33055555555555555
0 0.5484375 0.3861111111111111 0.55859375 0.4 0.57578125 0.39305555555555555 0.58671875 0.3763888888888889 0.5921875 0.3263888888888889 0.57734375 0.30277777777777776 0.56015625 0.30416666666666664 0.55078125 0.31805555555555554 0.546875 0.3347222222222222 0.54375 0.37222222222222223 0.5484375 0.3861111111111111
0 0.53203125 0.42916666666666664 0.540625 0.4375 0.54921875 0.4361111111111111 0.55234375 0.4305555555555556 0.553125 0.4 0.54375 0.37222222222222223 0.52890625 0.3680555555555556 0.515625 0.3819444444444444 0.51484375 0.3888888888888889 0.53203125 0.42916666666666664
0 0.61015625 0.48194444444444445 0.62864609375 0.48333333333333334 0.640625 0.4888888888888889 0.64375 0.49583333333333335 0.653125 0.49444444444444446 0.66171875 0.4847222222222222 0.678125 0.4236111111111111 0.675 0.3680555555555556 0.665625 0.3541666666666667 0.65390625 0.3527777777777778 0.62734375 0.37916666666666665 0.61796875 0.42777777777777776 0.60859375 0.45 0.60625 0.4708333333333333 0.61015625 0.48194444444444445
0 0.62890625 0.39305555555555555 0.63828125 0.39166666666666666 0.6421875 0.3972222222222222 0.64765625 0.39166666666666666 0.64765625 0.38055555555555554 0.66171875 0.37777777777777777 0.665625 0.3680555555555556 0.6703125 0.3680555555555556 0.66875 0.3416666666666667 0.6546875 0.30694444444444446 0.64140625 0.30694444444444446 0.63046875 0.32083333333333336 0.62109375 0.3611111111111111 0.62265625 0.4097222222222222 0.62890625 0.39305555555555555
0 0.71484375 0.4125 0.721875 0.4375 0.725 0.46944444444444444 0.73203125 0.4777777777777778 0.74453125 0.4652777777777778 0.75859375 0.44027777777777777 0.76328125 0.4125 0.76328125 0.3763888888888889 0.7546875 0.35138888888888886 0.7453125 0.3472222222222222 0.7359375 0.3486111111111111 0.725 0.37222222222222223 0.72421875 0.3861111111111111 0.71484375 0.4125
0 0.68828125 0.5138888888888888 0.6953125 0.5180555555555556 0.69765625 0.5333333333333333 0.703125 0.5388888888888889 0.7265625 0.4861111111111111 0.71796875 0.41944444444444445 0.71484375 0.4111111111111111 0.7046875 0.4027777777777778 0.696875 0.4111111111111111 0.67734375 0.4625 0.67734375 0.49444444444444446 0.68828125 0.5138888888888888
0 0.66640625 0.4111111111111111 0.6734375 0.4305555555555556 0.68359375 0.4236111111111111 0.6890625 0.4263888888888889 0.69140625 0.41388888888888886 0.70703125 0.4041666666666667 0.7046875 0.38055555555555554 0.69765625 0.36666666666666664 0.6828125 0.3638888888888889 0.66953125 0.3680555555555556 0.66796875 0.3819444444444444 0.66875 0.40555555555555556 0.66640625 0.4111111111111111
0 0.6734375 0.4513888888888889 0.68515625 0.4388888888888889 0.6734375 0.4361111111111111 0.6703125 0.4388888888888889 0.6734375 0.4513888888888889
0 0.67734375 0.575 0.69921875 0.5708333333333333 0.70390625 0.5486111111111112 0.703125 0.5333333333333333 0.696875 0.5138888888888888 0.67734375 0.5013888888888889 0.671875 0.5027777777777778 0.66015625 0.5263888888888889 0.6484375 0.5361111111111111 0.65 0.5458333333333333 0.67734375 0.575
0 0.621875 0.5319444444444444 0.64296875 0.5305555555555556 0.65078125 0.5125 0.65078125 0.5027777777777778 0.63515625 0.4847222222222222 0.6078125 0.48333333333333334 0.59296875 0.4930555555555556 0.59140625 0.4986111111111111 0.621875 0.5319444444444444
0 0.31796875 0.11527777777777778 0.3234375 0.1361111111111111 0.32578125 0.14027777777777778 0.3421875 0.13055555555555556 0.34609375 0.10277777777777777 0.34296875 0.09166666666666666 0.33359375 0.07777777777777778 0.321875 0.08472222222222223 0.31796875 0.09861111111111111 0.31796875 0.11527777777777778