0 0.58359375 0.21388888888888888 0.60546875 0.21666666666666667 0.6171875 0.20833333333333334 0.6203125 0.2 0.6171875 0.16944444444444445 0.6140625 0.1638888888888889 0.5953125 0.1597222222222222 0.5828125 0.17222222222222222 0.57578125 0.19444444444444445 0.58359375 0.21388888888888888
0 0.15859375 0.37083333333333335 0.16953125 0.37777777777777777 0.1796875 0.3763888888888889 0.18125 0.35694444444444445 0.1875 0.3416666666666667 0.18671875 0.325 0.1796875 0.30972222222222223 0.17421875 0.30416666666666664 0.16640625 0.3055555555555556 0.153125 0.33055555555555555 0.15234375 0.3486111111111111 0.15859375 0.37083333333333335
0 0.12109375 0.4305555555555556 0.13515625 0.43472222222222223 0.14296875 0.41944444444444445 0.14609375 0.4013888888888889 0.1421875 0.35138888888888886 0.1265625 0.3388888888888889 0.11796875 0.3486111111111111 0.1125 0.3763888888888889 0.11171875 0.4027777777777778 0.12109375 0.4305555555555556
0 0.1125 0.45555555555555555 0.12265625 0.4666666666666667 0.128125 0.4666666666666667 0.13203125 0.45416666666666666 0.12578125 0.4263888888888889 0.11796875 0.4166666666666667 0.11484375 0.39861111111111114 0.1109375 0.4111111111111111 0.109375 0.43472222222222223 0.1125 0.45555555555555555
0 0.16015625 0.5708333333333333 0.1734375 0.5805555555555556 0.18515625 0.5736111111111111 0.1953125 0.5430555555555555 0.1859375 0.4708333333333333 0.17109375 0.4597222222222222 0.16953125 0.44583333333333336 0.16171875 0.45416666666666666 0.15 0.4888888888888889 0.15078125 0.5430555555555555 0.16015625 0.5708333333333333
0 0.24765625 0.3625 0.26328125 0.4305555555555556 0.275 0.4361111111111111 0.2828125 0.4527777777777778 0.3046875 0.4305555555555556 0.31015625 0.41944444444444445 0.30859375 0.3888888888888889 0.303125 0.35138888888888886 0.2953125 0.3333333333333333 0.2796875 0.3138888888888889 0.25859375 0.3125 0.25078125 0.31805555555555554 0.25 0.3597222222222222 0.24765625 0.3625
0 0.23046875 0.5055555555555555 0.23203125 0.5111111111111111 0.23515625 0.5083333333333333 0.2390625 0.5277777777777778 0.2671875 0.4986111111111111 0.27265625 0.4888888888888889 0.27578125 0.46805555555555556 0.27578125 0.4583333333333333 0.271875 0.46111111111111114 0.26484375 0.4486111111111111 0.23203125 0.4527777777777778 0.228125 0.4583333333333333 0.2265625 0.4722222222222222 0.23046875 0.5055555555555555
0 0.2203125 0.45 0.23671875 0.4513888888888889 0.25390625 0.43194444444444446 0.24609375 0.3875 0.23203125 0.36944444444444446 0.2078125 0.3902777777777778 0.20390625 0.39861111111111114 0.20859375 0.4305555555555556 0.2203125 0.45
0 0.19296875 0.4 0.2046875 0.4013888888888889 0.21640625 0.39166666666666666 0.22109375 0.37083333333333335 0.21015625 0.34444444444444444 0.2015625 0.3402777777777778 0.18828125 0.3486111111111111 0.1875 0.3680555555555556 0.19296875 0.4
0 0.22734375 0.35138888888888886 0.23359375 0.3458333333333333 0.2359375 0.3333333333333333 0.24765625 0.32222222222222224 0.2375 0.29444444444444445 0.2296875 0.2916666666666667 0.21328125 0.2972222222222222 0.20859375 0.3111111111111111 0.2078125 0.3388888888888889 0.22734375 0.35138888888888886
0 0.22265625 0.29444444444444445 0.22421875 0.2986111111111111 0.2453125 0.3138888888888889 0.265625 0.30972222222222223 0.265625 0.28194444444444444 0.2546875 0.2513888888888889 0.2359375 0.25 0.2234375 0.2625 0.228125 0.275 0.22265625 0.29444444444444445
0 0.15390625 0.6236111111111111 0.16875 0.6083333333333333 0.1734375 0.6180555555555556 0.1796875 0.6111111111111112 0.178125 0.6 0.16953125 0.5861111111111111 0.1578125 0.5833333333333334 0.15078125 0.5916666666666667 0.14921875 0.5986111111111111 0.15390625 0.6236111111111111
0 0.203125 0.5708333333333333 0.20859375 0.5736111111111111 0.2265625 0.5472222222222223 0.2296875 0.5263888888888889 0.225 0.4791666666666667 0.21484375 0.4388888888888889 0.20859375 0.43194444444444446 0.19921875 0.43472222222222223 0.1875 0.45694444444444443 0.19375 0.5263888888888889 0.203125 0.5708333333333333
0 0.1296875 0.5847222222222223 0.14140625 0.5944444444444444 0.14921875 0.5916666666666667 0.15546875 0.5722222222222222 0.1453125 0.5194444444444445 0.13046875 0.5138888888888888 0.12109375 0.5319444444444444 0.121875 0.5652777777777778 0.1296875 0.5847222222222223