0 0.5609375 0.35694444444444445 0.58046875 0.3597222222222222 0.59140625 0.3472222222222222 0.5953125 0.3333333333333333 0.59296875 0.3 0.5875 0.28888888888888886 0.55078125 0.28194444444444444 0.5375 0.2847222222222222 0.53125 0.29583333333333334 0.53515625 0.33194444444444443 0.5609375 0.35694444444444445
0 0.22265625 0.35694444444444445 0.228125 0.3638888888888889 0.23984375 0.3527777777777778 0.25703125 0.325 0.25546875 0.3 0.2375 0.28055555555555556 0.2203125 0.3125 0.21875 0.3402777777777778 0.22265625 0.35694444444444445
0 0.2125 0.4305555555555556 0.21875 0.4583333333333333 0.23828125 0.5069444444444444 0.2390625 0.5166666666666667 0.24765625 0.5263888888888889 0.26953125 0.5 0.2765625 0.4847222222222222 0.278125 0.46944444444444444 0.275 0.45555555555555555 0.27734375 0.44722222222222224 0.27109375 0.4305555555555556 0.2703125 0.4166666666666667 0.24765625 0.36944444444444446 0.228125 0.37083333333333335 0.21640625 0.39305555555555555 0.2125 0.4111111111111111 0.2125 0.4305555555555556
0 0.18359375 0.4666666666666667 0.18125 0.475 0.1875 0.5138888888888888 0.1953125 0.5375 0.2046875 0.5444444444444444 0.225 0.525 0.23046875 0.4888888888888889 0.2203125 0.44305555555555554 0.2046875 0.41944444444444445 0.18515625 0.41388888888888886 0.18359375 0.42083333333333334 0.18125 0.45416666666666666 0.18359375 0.4666666666666667
0 0.1875 0.4236111111111111 0.19453125 0.4236111111111111 0.20390625 0.41944444444444445 0.2078125 0.4013888888888889 0.21875 0.3875 0.21875 0.38055555555555554 0.2140625 0.3638888888888889 0.2046875 0.3527777777777778 0.19609375 0.35833333333333334 0.1828125 0.3902777777777778 0.18046875 0.4152777777777778 0.1875 0.4236111111111111
0 0.2453125 0.3638888888888889 0.25546875 0.38333333333333336 0.26328125 0.38472222222222224 0.26796875 0.37777777777777777 0.290625 0.37222222222222223 0.28828125 0.3402777777777778 0.27890625 0.3194444444444444 0.2671875 0.3194444444444444 0.26328125 0.3277777777777778 0.25078125 0.3333333333333333 0.246875 0.34444444444444444 0.2484375 0.35 0.2453125 0.3638888888888889
0 0.27890625 0.46944444444444444 0.30546875 0.43472222222222223 0.3109375 0.41944444444444445 0.28203125 0.41805555555555557 0.27421875 0.4361111111111111 0.27109375 0.4625 0.27890625 0.46944444444444444
0 0.1390625 0.4847222222222222 0.1453125 0.5097222222222222 0.1546875 0.5180555555555556 0.1796875 0.4791666666666667 0.1796875 0.4388888888888889 0.1828125 0.4263888888888889 0.1796875 0.4152777777777778 0.1703125 0.4041666666666667 0.159375 0.40694444444444444 0.13828125 0.44166666666666665 0.13359375 0.46111111111111114 0.1328125 0.48194444444444445 0.1390625 0.4847222222222222
0 0.15 0.6208333333333333 0.16953125 0.6013888888888889 0.1859375 0.5986111111111111 0.18828125 0.5930555555555556 0.1890625 0.5833333333333334 0.184375 0.575 0.17578125 0.5680555555555555 0.1734375 0.5597222222222222 0.1640625 0.5555555555555556 0.16171875 0.5472222222222223 0.14921875 0.5513888888888889 0.1421875 0.5597222222222222 0.1421875 0.5833333333333334 0.15 0.6208333333333333
0 0.12890625 0.55 0.13828125 0.5569444444444445 0.14296875 0.5277777777777778 0.13984375 0.5166666666666667 0.1421875 0.49027777777777776 0.134375 0.4791666666666667 0.12578125 0.4791666666666667 0.1171875 0.4930555555555556 0.11875 0.5263888888888889 0.12890625 0.55
0 0.175 0.5611111111111111 0.18125 0.5972222222222222 0.18984375 0.5986111111111111 0.209375 0.5708333333333333 0.20390625 0.5486111111111112 0.1890625 0.5152777777777777 0.1859375 0.5222222222222223 0.18125 0.5194444444444445 0.17734375 0.525 0.1734375 0.5361111111111111 0.175 0.5611111111111111
0 0.17421875 0.5291666666666667 0.18515625 0.5138888888888888 0.18515625 0.4930555555555556 0.18125 0.48055555555555557 0.16953125 0.49166666666666664 0.16796875 0.5097222222222222 0.17421875 0.5291666666666667
0 0.26015625 0.3888888888888889 0.271875 0.4152777777777778 0.28046875 0.41944444444444445 0.296875 0.4152777777777778 0.29765625 0.4 0.29375 0.37222222222222223 0.28984375 0.36527777777777776 0.2625 0.36527777777777776 0.259375 0.37222222222222223 0.26015625 0.3888888888888889