0 0.6322427184466018 0.7002058823529412 0.7021067961165048 0.7557156862745098 0.7521407766990291 0.7788676470588236 0.7951601941747573 0.7032107843137255 0.8311893203883495 0.6962794117647059 0.8524854368932039 0.6289656862745098 0.8277135922330097 0.5611225490196078 0.7842184466019417 0.5214019607843138 0.7159611650485437 0.517563725490196 0.6691165048543689 0.5577647058823529 0.6299514563106796 0.6417990196078431 0.6322427184466018 0.7002058823529412
0 0.9685339805825243 0.2585588235294118 0.9951456310679612 0.19077450980392158 0.9865970873786408 0.15351470588235294 0.9172330097087378 0.10723529411764707 0.8347524271844661 0.13149019607843138 0.8002961165048543 0.21521078431372548 0.7971796116504855 0.29055882352941176 0.839873786407767 0.37235294117647055 0.8987135922330096 0.3881813725490196 0.9694077669902913 0.3397303921568628 0.9685339805825243 0.2585588235294118
0 0.7111893203883495 0.22081372549019607 0.6966796116504854 0.29290686274509803 0.7465242718446602 0.36098529411764707 0.8094708737864078 0.3453872549019608 0.7928543689320389 0.2677843137254902 0.8000145631067961 0.20804411764705882 0.812121359223301 0.16163235294117648 0.7599320388349514 0.15866176470588234 0.7111893203883495 0.22081372549019607
0 0.5437087378640777 0.2782058823529412 0.5960582524271845 0.3175392156862745 0.6904708737864077 0.29534313725490197 0.7024805825242719 0.21774019607843137 0.7389029126213592 0.17812254901960786 0.7211990291262136 0.11178431372549019 0.6794951456310679 0.08823039215686274 0.6179466019417476 0.08744117647058824 0.5293932038834952 0.1882107843137255 0.5437087378640777 0.2782058823529412
0 0.38901941747572816 0.21695588235294117 0.4369660194174757 0.28729901960784315 0.5060825242718446 0.27955392156862746 0.535752427184466 0.24518627450980393 0.5332815533980583 0.17941666666666667 0.5795776699029126 0.12636274509803921 0.5266553398058252 0.09578431372549019 0.46837864077669905 0.09803921568627451 0.3891456310679612 0.15774999999999997 0.38901941747572816 0.21695588235294117
0 0.21693689320388349 0.47489705882352945 0.27542718446601944 0.5127058823529411 0.3250194174757281 0.4695588235294118 0.3492621359223301 0.4075980392156863 0.3984223300970874 0.36802450980392154 0.39624757281553397 0.34667647058823525 0.3461504854368932 0.2914950980392157 0.3030679611650485 0.28881862745098036 0.20186893203883496 0.39888235294117647 0.21693689320388349 0.47489705882352945
0 0.35827669902912623 0.30899019607843137 0.38464077669902913 0.34218137254901965 0.43493203883495146 0.3329166666666667 0.44879611650485435 0.2897794117647059 0.4061553398058253 0.2569656862745098 0.37381553398058254 0.19023529411764706 0.34099999999999997 0.24047549019607845 0.35827669902912623 0.30899019607843137
0 0.49453398058252424 0.5387107843137255 0.5340388349514563 0.6137549019607843 0.5904611650485437 0.637029411764706 0.627626213592233 0.6318774509803922 0.6661990291262135 0.561921568627451 0.7243737864077671 0.5188774509803922 0.737752427184466 0.39284313725490194 0.753747572815534 0.3673872549019608 0.6924660194174758 0.31044607843137256 0.5956456310679612 0.3457892156862745 0.4938203883495146 0.4705833333333333 0.49453398058252424 0.5387107843137255
0 0.3641504854368932 0.5349362745098039 0.40482038834951456 0.5741960784313725 0.4698009708737864 0.5253578431372549 0.49108737864077673 0.4969607843137255 0.5069368932038835 0.4364852941176471 0.5117281553398058 0.36508333333333337 0.5079660194174758 0.31540686274509805 0.42434951456310677 0.3392156862745098 0.3804757281553398 0.38155882352941173 0.34718446601941744 0.44850490196078435 0.3641504854368932 0.5349362745098039
0 0.5289757281553398 0.7737058823529412 0.5200873786407767 0.8460686274509804 0.5425291262135922 0.8899313725490196 0.6292961165048543 0.9151470588235294 0.6836067961165049 0.8900735294117647 0.7087718446601942 0.8862303921568627 0.7383980582524272 0.8319950980392157 0.7346844660194175 0.7831323529411764 0.6681019417475728 0.7624852941176471 0.6280339805825242 0.6955588235294118 0.6261067961165049 0.6727696078431373 0.5877718446601942 0.6558039215686274 0.5373252427184466 0.6822647058823529 0.5289757281553398 0.7737058823529412
0 0.33333980582524275 0.776906862745098 0.3856456310679612 0.8356764705882354 0.456252427184466 0.8385294117647059 0.5078349514563107 0.8208872549019608 0.5250388349514563 0.7829362745098039 0.5285485436893204 0.7015 0.5302766990291262 0.6593382352941176 0.5299611650485436 0.6025833333333334 0.48113106796116506 0.5444558823529412 0.42301941747572813 0.5797941176470589 0.35292718446601945 0.6028088235294118 0.3331844660194175 0.6914117647058824 0.33333980582524275 0.776906862745098
0 0.18232038834951456 0.711485294117647 0.19749514563106796 0.7524460784313726 0.23919902912621357 0.8062990196078432 0.3111067961165048 0.8165098039215687 0.3554757281553398 0.7726470588235295 0.33853398058252426 0.7114509803921568 0.36336407766990286 0.6245637254901961 0.39335436893203884 0.5868676470588235 0.39335436893203884 0.5717107843137255 0.35525242718446604 0.5076225490196079 0.32446601941747577 0.48994607843137256 0.27289320388349514 0.5299411764705882 0.2086747572815534 0.6389754901960785 0.18232038834951456 0.711485294117647
0 0.08033009708737864 0.6861715686274511 0.09007281553398058 0.7420833333333333 0.13792233009708738 0.7606176470588235 0.1876601941747573 0.7483137254901961 0.18000485436893204 0.7000882352941177 0.21907281553398056 0.608656862745098 0.2636504854368932 0.5377549019607843 0.2764368932038835 0.5129166666666667 0.25003398058252424 0.49161764705882355 0.21123300970873787 0.49284803921568626 0.08635922330097087 0.6209411764705882 0.08033009708737864 0.6861715686274511
0 0.7591165048543689 0.5044166666666666 0.8210145631067961 0.5411470588235294 0.8487087378640776 0.5967205882352941 0.8626844660194174 0.5939019607843138 0.9442038834951456 0.3806323529411765 0.890116504854369 0.38872058823529415 0.8200825242718447 0.3569362745098039 0.7662038834951456 0.37360784313725487 0.7420631067961165 0.44470098039215683 0.7591165048543689 0.5044166666666666