0 0.7203125 0.3875 0.7390625 0.4125 0.74921875 0.4111111111111111 0.7578125 0.3888888888888889 0.759375 0.36944444444444446 0.75703125 0.35694444444444445 0.753125 0.34444444444444444 0.74375 0.33194444444444443 0.734375 0.33055555555555555 0.725 0.3375 0.7171875 0.3597222222222222 0.715625 0.37222222222222223 0.7203125 0.3875
0 0.70546875 0.45 0.7359375 0.4708333333333333 0.74375 0.4708333333333333 0.7515625 0.45555555555555555 0.74375 0.4166666666666667 0.7296875 0.39444444444444443 0.71953125 0.3888888888888889 0.71640625 0.37777777777777777 0.7046875 0.38055555555555554 0.69921875 0.3958333333333333 0.70078125 0.4305555555555556 0.70546875 0.45
0 0.6625 0.39861111111111114 0.66953125 0.4013888888888889 0.68515625 0.39166666666666666 0.69296875 0.37777777777777777 0.70546875 0.3736111111111111 0.7109375 0.3611111111111111 0.70625 0.30694444444444446 0.7 0.29305555555555557 0.6859375 0.2791666666666667 0.67421875 0.2763888888888889 0.6671875 0.28194444444444444 0.6671875 0.2902777777777778 0.65390625 0.3138888888888889 0.65 0.34305555555555556 0.6625 0.39861111111111114
0 0.60703125 0.3138888888888889 0.6109375 0.325 0.621875 0.3277777777777778 0.6421875 0.3277777777777778 0.6484375 0.32222222222222224 0.66171875 0.3055555555555556 0.6703125 0.28194444444444444 0.6640625 0.2513888888888889 0.646875 0.2361111111111111 0.6234375 0.24861111111111112 0.60625 0.2722222222222222 0.603125 0.2875 0.60703125 0.3138888888888889
0 0.57578125 0.33055555555555555 0.5875 0.33194444444444443 0.60078125 0.32222222222222224 0.603125 0.275 0.5984375 0.2625 0.5875 0.24861111111111112 0.57890625 0.24722222222222223 0.565625 0.2638888888888889 0.56484375 0.30972222222222223 0.57578125 0.33055555555555555
0 0.5296875 0.41944444444444445 0.540625 0.4305555555555556 0.5484375 0.40694444444444444 0.55859375 0.39305555555555555 0.5640625 0.3958333333333333 0.56640625 0.39166666666666666 0.57421875 0.3625 0.565625 0.31666666666666665 0.55703125 0.30833333333333335 0.54921875 0.30972222222222223 0.5375 0.325 0.528125 0.3277777777777778 0.50859375 0.3527777777777778 0.50234375 0.3680555555555556 0.5296875 0.41944444444444445
0 0.56640625 0.4305555555555556 0.57578125 0.425 0.59609375 0.4305555555555556 0.609375 0.41944444444444445 0.61484375 0.4083333333333333 0.6140625 0.3888888888888889 0.62109375 0.3625 0.61953125 0.3375 0.603125 0.3263888888888889 0.59140625 0.3263888888888889 0.57578125 0.3375 0.56953125 0.3875 0.5609375 0.4013888888888889 0.56015625 0.4166666666666667 0.56640625 0.4305555555555556
0 0.6171875 0.37083333333333335 0.6140625 0.3763888888888889 0.61640625 0.3875 0.61328125 0.39166666666666666 0.61328125 0.4013888888888889 0.61875 0.425 0.63359375 0.44583333333333336 0.6484375 0.4388888888888889 0.6578125 0.4 0.64921875 0.38333333333333336 0.64140625 0.37777777777777777 0.6390625 0.3680555555555556 0.62109375 0.35 0.61328125 0.3527777777777778 0.6171875 0.37083333333333335
0 0.665625 0.4847222222222222 0.66875 0.49444444444444446 0.678125 0.49444444444444446 0.69296875 0.48333333333333334 0.7015625 0.43472222222222223 0.70078125 0.40694444444444444 0.69453125 0.39861111111111114 0.68125 0.3958333333333333 0.66484375 0.4111111111111111 0.66171875 0.41805555555555557 0.659375 0.4513888888888889 0.65390625 0.4625 0.65390625 0.4777777777777778 0.665625 0.4847222222222222
0 0.69140625 0.5291666666666667 0.6953125 0.5444444444444444 0.7046875 0.55 0.734375 0.49722222222222223 0.740625 0.4777777777777778 0.734375 0.4583333333333333 0.72421875 0.45555555555555555 0.7015625 0.4638888888888889 0.69453125 0.47638888888888886 0.69140625 0.4888888888888889 0.69140625 0.5291666666666667
0 0.6234375 0.5222222222222223 0.665625 0.5638888888888889 0.67109375 0.5652777777777778 0.67421875 0.5597222222222222 0.68125 0.5277777777777778 0.6703125 0.5 0.6578125 0.4888888888888889 0.646875 0.4861111111111111 0.62265625 0.4930555555555556 0.6203125 0.49722222222222223 0.6234375 0.5222222222222223
0 0.55859375 0.4583333333333333 0.60234375 0.5125 0.60859375 0.5166666666666667 0.61640625 0.5097222222222222 0.6171875 0.46111111111111114 0.60703125 0.44027777777777777 0.59140625 0.425 0.571875 0.42083333333333334 0.5578125 0.4444444444444444 0.55546875 0.45 0.55859375 0.4583333333333333
0 0.3140625 0.09305555555555556 0.3265625 0.0875 0.33515625 0.06805555555555555 0.334375 0.05555555555555555 0.3234375 0.043055555555555555 0.31484375 0.04583333333333333 0.31015625 0.05694444444444444 0.309375 0.08055555555555556 0.3140625 0.09305555555555556