0 0.6792592592592592 0.8360217391304348 0.7391342592592592 0.8844565217391305 0.7931851851851852 0.8515869565217392 0.7871111111111111 0.7880072463768116 0.7078564814814814 0.7436376811594203 0.6739814814814815 0.7726014492753623 0.6792592592592592 0.8360217391304348
0 0.803087962962963 0.8350289855072464 0.9127777777777778 0.7321231884057972 0.9064490740740742 0.6951086956521739 0.8515046296296297 0.688731884057971 0.7685185185185185 0.7088260869565217 0.771324074074074 0.7623768115942029 0.803087962962963 0.8350289855072464
0 0.6709490740740741 0.6527246376811594 0.7129675925925926 0.688355072463768 0.782888888888889 0.6940942028985507 0.7958703703703703 0.6340797101449276 0.7635185185185185 0.5728478260869565 0.7457916666666667 0.561268115942029 0.6893425925925926 0.6062173913043478 0.6709490740740741 0.6527246376811594
0 0.8370138888888888 0.4190434782608696 0.8717314814814815 0.44156521739130433 0.8794768518518519 0.39897101449275363 0.8366898148148147 0.34804347826086957 0.7491574074074074 0.37022463768115943 0.7568148148148148 0.4488913043478261 0.8370138888888888 0.4190434782608696
0 0.7460555555555556 0.3978623188405797 0.7514768518518518 0.36357246376811597 0.8160370370370371 0.34791304347826085 0.8126898148148148 0.3005724637681159 0.7811018518518518 0.2806304347826087 0.7146481481481481 0.33465217391304347 0.7133842592592593 0.3959855072463768 0.7460555555555556 0.3978623188405797
0 0.49933796296296296 0.6473550724637681 0.5438518518518518 0.6432101449275363 0.5605277777777777 0.5688115942028985 0.5721898148148148 0.5156884057971015 0.5433287037037037 0.500855072463768 0.48148148148148145 0.5019782608695652 0.4751990740740741 0.5904492753623188 0.49933796296296296 0.6473550724637681
0 0.6043194444444444 0.5336666666666666 0.6407916666666666 0.5411956521739131 0.689050925925926 0.5832463768115942 0.7321018518518518 0.5534710144927537 0.7402268518518519 0.5040652173913044 0.651513888888889 0.45454347826086955 0.6085787037037037 0.4730289855072464 0.6043194444444444 0.5336666666666666
0 0.5650462962962963 0.5793478260869566 0.5561944444444444 0.6404855072463768 0.6138333333333333 0.6670144927536232 0.6723888888888888 0.6585434782608696 0.6784490740740741 0.5915652173913043 0.6457962962962962 0.5541086956521739 0.5650462962962963 0.5793478260869566
0 0.6285138888888888 0.6676884057971015 0.5963981481481482 0.6744057971014492 0.5963981481481482 0.7270289855072464 0.639236111111111 0.7965797101449276 0.6770138888888889 0.7623478260869565 0.7062268518518517 0.7259565217391305 0.6862222222222222 0.6790362318840579 0.6285138888888888 0.6676884057971015
0 0.33952314814814816 0.7114565217391304 0.34703240740740743 0.6899347826086957 0.3448935185185185 0.6401521739130435 0.2584166666666667 0.6284565217391305 0.25772685185185185 0.7026376811594203 0.33952314814814816 0.7114565217391304
0 0.4622546296296296 0.47557246376811596 0.5223657407407407 0.45335507246376816 0.5221435185185185 0.3888768115942029 0.4501574074074074 0.3640507246376811 0.37037037037037035 0.3754927536231884 0.3689675925925926 0.47379710144927534 0.4622546296296296 0.47557246376811596
0 0.5434583333333334 0.3666304347826087 0.5888888888888889 0.41231159420289853 0.6633935185185186 0.38993478260869563 0.6653425925925925 0.3138550724637681 0.6371574074074075 0.26585507246376816 0.5589212962962963 0.27009420289855074 0.5303287037037037 0.30068840579710143 0.5434583333333334 0.3666304347826087
0 0.549712962962963 0.24343478260869567 0.5716388888888889 0.2560652173913044 0.6775185185185185 0.22580434782608697 0.6736712962962963 0.18144202898550726 0.6153194444444444 0.13965942028985506 0.5549074074074074 0.1770144927536232 0.549712962962963 0.24343478260869567
0 0.6199444444444444 0.2604492753623188 0.6709722222222223 0.35676086956521735 0.7132361111111111 0.363536231884058 0.749273148148148 0.30325362318840576 0.7479537037037036 0.19430434782608696 0.7297962962962963 0.16996376811594202 0.6199444444444444 0.2604492753623188
0 0.08034259259259259 0.6650217391304347 0.14325925925925925 0.7358768115942029 0.16202314814814814 0.7114202898550724 0.16160185185185186 0.6371594202898551 0.09006944444444444 0.633731884057971 0.08034259259259259 0.6650217391304347
0 0.24499074074074073 0.4110652173913043 0.36942129629629633 0.42544927536231886 0.3821527777777778 0.3536739130434783 0.36192592592592593 0.3219782608695652 0.27188425925925924 0.31620289855072464 0.24499074074074073 0.4110652173913043
0 0.1926064814814815 0.29707246376811597 0.2549212962962963 0.3527753623188406 0.3049444444444444 0.29457246376811597 0.2681527777777778 0.22726086956521738 0.20035185185185186 0.22592753623188405 0.1926064814814815 0.29707246376811597
0 0.230625 0.19831884057971014 0.2680138888888889 0.25171739130434784 0.3445972222222223 0.2534347826086956 0.3480277777777778 0.20035507246376813 0.3143796296296297 0.13400724637681158 0.23989814814814814 0.13834057971014493 0.230625 0.19831884057971014
0 0.33747222222222223 0.17429710144927538 0.40979166666666667 0.17669565217391306 0.43736574074074075 0.16205072463768116 0.44403703703703706 0.10113043478260869 0.38538425925925923 0.07270289855072463 0.3190231481481482 0.11067391304347826 0.33747222222222223 0.17429710144927538
0 0.44224074074074077 0.07165217391304347 0.4298333333333333 0.15536231884057972 0.44273148148148145 0.21815942028985508 0.525050925925926 0.18159420289855072 0.5234722222222222 0.11788405797101449 0.4419212962962963 0.06982608695652173 0.44224074074074077 0.07165217391304347
0 0.3807037037037037 0.27437681159420285 0.36293055555555553 0.31865217391304346 0.38822685185185185 0.3714855072463768 0.47794907407407405 0.35143478260869565 0.4784814814814815 0.2905724637681159 0.45118055555555553 0.252963768115942 0.3807037037037037 0.27437681159420285
0 0.7579953703703703 0.46567391304347827 0.758875 0.5071376811594203 0.7846342592592592 0.5399130434782609 0.8738194444444445 0.5226304347826087 0.8865046296296297 0.4825072463768116 0.8358564814814814 0.42819565217391303 0.7579953703703703 0.46567391304347827