0 0.5148446601941747 0.3210245098039216 0.6078058252427184 0.3180294117647059 0.6675873786407767 0.24314705882352938 0.6616456310679611 0.10328921568627451 0.6095825242718447 0.046098039215686275 0.5706456310679612 0.046098039215686275 0.4969708737864078 0.09926470588235294 0.4775631067961165 0.1510343137254902 0.44737864077669903 0.23408333333333334 0.5148446601941747 0.3210245098039216
0 0.37805825242718444 0.08107352941176471 0.2858495145631068 0.15947058823529411 0.2848495145631068 0.22265196078431373 0.3123495145631068 0.2949117647058824 0.3481456310679612 0.34138235294117647 0.3967038834951456 0.33323039215686273 0.4770533980582524 0.28555882352941175 0.45510194174757285 0.23418627450980392 0.4899368932038835 0.12461764705882353 0.4865970873786408 0.09546568627450981 0.48674757281553394 0.09274019607843137 0.45323300970873787 0.07762254901960784 0.37805825242718444 0.08107352941176471
0 0.3891067961165049 0.446406862745098 0.4298106796116505 0.4178529411764706 0.44636893203883493 0.3934313725490196 0.5011213592233009 0.3898627450980392 0.49270388349514566 0.30441666666666667 0.4735 0.29607352941176474 0.3647330097087379 0.35903431372549016 0.36597087378640775 0.4168235294117647 0.3891067961165049 0.446406862745098
0 0.15713106796116505 0.702686274509804 0.20099514563106796 0.7347892156862744 0.24334466019417475 0.7302941176470588 0.30395631067961165 0.6716960784313726 0.30288349514563107 0.572514705882353 0.2939708737864078 0.5374705882352941 0.25637864077669903 0.5055147058823529 0.2115242718446602 0.5121911764705882 0.21385436893203885 0.5127205882352941 0.15737378640776697 0.6146372549019608 0.15713106796116505 0.702686274509804
0 0.4883058252427184 0.5022450980392157 0.5083155339805825 0.5601617647058823 0.5854854368932039 0.5997401960784313 0.6293495145631067 0.5996176470588236 0.6846553398058252 0.5310343137254903 0.6730485436893203 0.46597058823529414 0.6913106796116505 0.4234313725490196 0.6761067961165048 0.3807745098039216 0.6384660194174757 0.3697696078431373 0.5654660194174758 0.3709607843137255 0.49726213592233015 0.4436127450980392 0.4883058252427184 0.5022450980392157
0 0.6824029126213592 0.4944705882352941 0.6963155339805825 0.5637205882352941 0.7624563106796116 0.5651421568627452 0.817514563106796 0.5388676470588235 0.8318786407766989 0.4765490196078431 0.8077184466019417 0.4154362745098039 0.7780922330097088 0.39133823529411765 0.7163495145631068 0.37890686274509805 0.6826067961165048 0.4266862745098039 0.6824029126213592 0.4944705882352941
0 0.701121359223301 0.3397450980392157 0.7196359223300971 0.3754705882352941 0.7911601941747574 0.3947450980392157 0.8201893203883496 0.4129803921568628 0.8584514563106797 0.3605392156862745 0.8587912621359224 0.30819607843137253 0.8254514563106796 0.2469705882352941 0.7769466019417475 0.2360735294117647 0.7386504854368933 0.24244607843137256 0.6970485436893205 0.2892107843137255 0.701121359223301 0.3397450980392157
0 0.8640825242718447 0.32674019607843136 0.8586456310679612 0.3720833333333333 0.8943252427184466 0.4131519607843137 0.9470582524271844 0.45009803921568625 0.9951456310679612 0.31490686274509805 0.9564417475728154 0.2808676470588235 0.8887572815533981 0.30556372549019606 0.8640825242718447 0.32674019607843136
0 0.8041504854368932 0.5463970588235294 0.834631067961165 0.5971813725490196 0.8786650485436893 0.6290539215686275 0.9469611650485438 0.44664215686274505 0.8816601941747574 0.430578431372549 0.8251796116504854 0.4840980392156863 0.8041504854368932 0.5463970588235294
0 0.32999514563106797 0.6573186274509804 0.3762864077669903 0.686843137254902 0.44578640776699024 0.6723725490196077 0.46820388349514563 0.6466372549019607 0.5152087378640776 0.6403823529411765 0.5237038834951456 0.5716225490196079 0.4833932038834951 0.5275049019607844 0.40799029126213593 0.5278480392156862 0.35292718446601945 0.5405392156862745 0.3186601941747573 0.5971715686274509 0.32999514563106797 0.6573186274509804
0 0.46124757281553397 0.5229950980392157 0.4913058252427185 0.5312058823529412 0.4924271844660194 0.455171568627451 0.530490291262136 0.40956862745098044 0.529004854368932 0.39314215686274506 0.4666990291262136 0.39325 0.39622330097087377 0.44647549019607846 0.40373786407766993 0.48506862745098034 0.46124757281553397 0.5229950980392157
0 0.30294660194174755 0.5825 0.3239077669902912 0.618406862745098 0.3676504854368932 0.535563725490196 0.413757281553398 0.5172156862745098 0.4152378640776699 0.4996372549019608 0.39440291262135924 0.44802941176470584 0.32931067961165045 0.43587745098039216 0.28520388349514564 0.5311029411764706 0.30294660194174755 0.5825
0 0.6517864077669903 0.6726666666666666 0.6433543689320389 0.7227549019607844 0.6720533980582525 0.7629411764705881 0.7316504854368931 0.6941078431372549 0.791257281553398 0.6910588235294117 0.7728252427184465 0.6200441176470588 0.7188349514563107 0.5982843137254902 0.7097864077669903 0.5961862745098039 0.6560582524271844 0.6394901960784313 0.6517864077669903 0.6726666666666666
0 0.6848349514563107 0.8802009803921569 0.7236116504854369 0.8958823529411765 0.7514417475728156 0.8951862745098039 0.7724417475728155 0.8427352941176471 0.8207718446601943 0.7254264705882353 0.799631067961165 0.6951617647058823 0.7459368932038836 0.6959901960784314 0.6730533980582525 0.7670882352941176 0.680004854368932 0.8270441176470589 0.6848349514563107 0.8802009803921569
0 0.5126019417475728 0.8750049019607843 0.6540776699029127 0.9198627450980391 0.6765728155339805 0.8862696078431372 0.6724223300970874 0.7850049019607843 0.6547572815533981 0.7442058823529413 0.582873786407767 0.7191274509803921 0.5234854368932038 0.7233725490196079 0.4855485436893204 0.8002450980392157 0.5126019417475728 0.8750049019607843
0 0.31933980582524274 0.6532647058823529 0.2298980582524272 0.7421862745098039 0.283504854368932 0.8156666666666667 0.36800000000000005 0.8459313725490196 0.42451456310679614 0.8189754901960784 0.43143203883495146 0.7588578431372548 0.39490776699029123 0.6836225490196078 0.31933980582524274 0.6532647058823529
0 0.43488349514563107 0.784514705882353 0.43488349514563107 0.8071470588235293 0.49211165048543687 0.8051960784313725 0.519490291262136 0.7171666666666666 0.6360533980582523 0.7378235294117647 0.6363834951456311 0.6836127450980392 0.5836796116504854 0.634406862745098 0.5313543689320388 0.6319558823529412 0.4035242718446602 0.6867745098039216 0.43488349514563107 0.784514705882353
0 0.6139029126213592 0.3090343137254902 0.500373786407767 0.3095686274509804 0.5460291262135922 0.3787009803921568 0.6726504854368932 0.37117156862745093 0.7059805825242718 0.3606127450980392 0.6961990291262136 0.3011372549019608 0.7355679611650485 0.24368627450980393 0.6760776699029126 0.22886764705882354 0.6139029126213592 0.3090343137254902