0 0.43125 0.4462962962962963 0.4552083333333333 0.4722222222222222 0.46979166666666666 0.4740740740740741 0.484375 0.46111111111111114 0.496875 0.4351851851851852 0.5083333333333333 0.3592592592592593 0.5 0.3314814814814815 0.490625 0.31851851851851853 0.465625 0.3148148148148148 0.44583333333333336 0.34629629629629627 0.42604166666666665 0.4 0.425 0.42777777777777776 0.43125 0.4462962962962963
0 0.3458333333333333 0.362962962962963 0.365625 0.3888888888888889 0.375 0.412962962962963 0.3875 0.4166666666666667 0.4083333333333333 0.39444444444444443 0.43333333333333335 0.3537037037037037 0.43854166666666666 0.27037037037037037 0.434375 0.22962962962962963 0.42083333333333334 0.2111111111111111 0.39166666666666666 0.21851851851851853 0.3697916666666667 0.24444444444444444 0.365625 0.2574074074074074 0.36666666666666664 0.2851851851851852 0.34791666666666665 0.3037037037037037 0.34479166666666666 0.3148148148148148 0.3458333333333333 0.362962962962963
0 0.28854166666666664 0.26666666666666666 0.3 0.2759259259259259 0.334375 0.2851851851851852 0.3614583333333333 0.2611111111111111 0.371875 0.23333333333333334 0.3697916666666667 0.14814814814814814 0.365625 0.13703703703703704 0.353125 0.12962962962962962 0.32916666666666666 0.13333333333333333 0.28541666666666665 0.17592592592592593 0.2791666666666667 0.19444444444444445 0.278125 0.2462962962962963 0.28854166666666664 0.26666666666666666
0 0.21666666666666667 0.26666666666666666 0.24375 0.2814814814814815 0.25729166666666664 0.2759259259259259 0.26875 0.2611111111111111 0.278125 0.20185185185185187 0.259375 0.15 0.24375 0.13703703703703704 0.209375 0.14444444444444443 0.19895833333333332 0.15925925925925927 0.19479166666666667 0.17592592592592593 0.19791666666666666 0.23333333333333334 0.21666666666666667 0.26666666666666666
0 0.15208333333333332 0.24074074074074073 0.17083333333333334 0.25555555555555554 0.19166666666666668 0.22407407407407406 0.18854166666666666 0.19814814814814816 0.19166666666666668 0.1574074074074074 0.184375 0.1388888888888889 0.15104166666666666 0.1388888888888889 0.134375 0.16111111111111112 0.13333333333333333 0.20555555555555555 0.15208333333333332 0.24074074074074073
0 0.175 0.35555555555555557 0.190625 0.37037037037037035 0.20625 0.3648148148148148 0.22708333333333333 0.3314814814814815 0.23020833333333332 0.3074074074074074 0.228125 0.2777777777777778 0.19375 0.22962962962962963 0.17708333333333334 0.24444444444444444 0.16875 0.28888888888888886 0.165625 0.3333333333333333 0.175 0.35555555555555557
0 0.23333333333333334 0.3648148148148148 0.24375 0.3851851851851852 0.25833333333333336 0.3925925925925926 0.27395833333333336 0.37222222222222223 0.3104166666666667 0.37777777777777777 0.32083333333333336 0.3388888888888889 0.31354166666666666 0.32592592592592595 0.303125 0.2796296296296296 0.2791666666666667 0.26296296296296295 0.23958333333333334 0.28703703703703703 0.23020833333333332 0.3111111111111111 0.22916666666666666 0.34629629629629627 0.23333333333333334 0.3648148148148148
0 0.2520833333333333 0.45925925925925926 0.2604166666666667 0.4962962962962963 0.2947916666666667 0.5388888888888889 0.3177083333333333 0.5296296296296297 0.3333333333333333 0.4759259259259259 0.33541666666666664 0.42777777777777776 0.33125 0.4111111111111111 0.31354166666666666 0.38333333333333336 0.28958333333333336 0.37407407407407406 0.2708333333333333 0.37592592592592594 0.25833333333333336 0.39814814814814814 0.2520833333333333 0.4222222222222222 0.2520833333333333 0.45925925925925926
0 0.190625 0.4981481481481482 0.21041666666666667 0.512962962962963 0.23958333333333334 0.5037037037037037 0.25 0.46296296296296297 0.25625 0.3925925925925926 0.23958333333333334 0.3814814814814815 0.228125 0.34629629629629627 0.21875 0.3425925925925926 0.19166666666666668 0.387037037037037 0.18958333333333333 0.412962962962963 0.17916666666666667 0.43703703703703706 0.178125 0.4740740740740741 0.190625 0.4981481481481482
0 0.21875 0.6185185185185185 0.246875 0.6444444444444445 0.28020833333333334 0.65 0.2864583333333333 0.6407407407407407 0.29791666666666666 0.5740740740740741 0.296875 0.55 0.2875 0.5277777777777778 0.2760416666666667 0.5148148148148148 0.23020833333333332 0.5074074074074074 0.2125 0.5148148148148148 0.203125 0.5314814814814814 0.203125 0.5740740740740741 0.21875 0.6185185185185185
0 0.11458333333333333 0.34629629629629627 0.134375 0.35 0.14375 0.34444444444444444 0.16666666666666666 0.3111111111111111 0.16458333333333333 0.2574074074074074 0.146875 0.2351851851851852 0.13229166666666667 0.23333333333333334 0.11145833333333334 0.24259259259259258 0.10416666666666667 0.2537037037037037 0.09895833333333333 0.2777777777777778 0.10208333333333333 0.3296296296296296 0.11458333333333333 0.34629629629629627
0 0.084375 0.4351851851851852 0.11354166666666667 0.45925925925925926 0.13645833333333332 0.45 0.15 0.412962962962963 0.140625 0.3648148148148148 0.12395833333333334 0.34814814814814815 0.096875 0.35 0.084375 0.36666666666666664 0.07916666666666666 0.3907407407407407 0.07708333333333334 0.40925925925925927 0.084375 0.4351851851851852
0 0.04791666666666667 0.45 0.06458333333333334 0.48333333333333334 0.08645833333333333 0.48703703703703705 0.09791666666666667 0.4740740740740741 0.10104166666666667 0.45185185185185184 0.09375 0.4462962962962963 0.07916666666666666 0.40925925925925927 0.08541666666666667 0.362962962962963 0.065625 0.3574074074074074 0.052083333333333336 0.37222222222222223 0.04375 0.4 0.041666666666666664 0.4203703703703704 0.04791666666666667 0.45
0 0 0.5777777777777777 0.028125 0.5962962962962963 0.04583333333333333 0.5796296296296296 0.04895833333333333 0.5425925925925926 0.05520833333333333 0.524074074074074 0.05625 0.4740740740740741 0.04791666666666667 0.45925925925925926 0.040625 0.42962962962962964 0.040625 0.40370370370370373 0.029166666666666667 0.3962962962962963 0.014583333333333334 0.40370370370370373 0 0.4185185185185185 0 0.5777777777777777