0 0.9510416666666667 0.2833333333333333 0.9770833333333333 0.28703703703703703 0.9989583333333333 0.26481481481481484 0.9989583333333333 0.20925925925925926 0.9833333333333333 0.18333333333333332 0.971875 0.18333333333333332 0.9572916666666667 0.1962962962962963 0.9572916666666667 0.2074074074074074 0.9458333333333333 0.23333333333333334 0.9447916666666667 0.2537037037037037 0.9510416666666667 0.2833333333333333
0 0.9197916666666667 0.5518518518518518 0.95 0.55 0.9625 0.5388888888888889 0.9708333333333333 0.5185185185185185 0.9770833333333333 0.4740740740740741 0.9770833333333333 0.4388888888888889 0.9614583333333333 0.39814814814814814 0.9489583333333333 0.3888888888888889 0.9208333333333333 0.3962962962962963 0.9041666666666667 0.4185185185185185 0.8958333333333334 0.4462962962962963 0.896875 0.5111111111111111 0.9197916666666667 0.5518518518518518
0 0.8447916666666667 0.4111111111111111 0.8604166666666667 0.43333333333333335 0.8833333333333333 0.4425925925925926 0.896875 0.42962962962962964 0.9177083333333333 0.387037037037037 0.9260416666666667 0.34814814814814815 0.9260416666666667 0.3148148148148148 0.9208333333333333 0.2851851851851852 0.909375 0.26296296296296295 0.89375 0.2518518518518518 0.8614583333333333 0.2462962962962963 0.8552083333333333 0.2537037037037037 0.846875 0.3074074074074074 0.8333333333333334 0.3425925925925926 0.834375 0.37962962962962965 0.8447916666666667 0.4111111111111111
0 0.734375 0.31296296296296294 0.7395833333333334 0.3388888888888889 0.7520833333333333 0.3648148148148148 0.7822916666666667 0.3925925925925926 0.8041666666666667 0.3851851851851852 0.8177083333333334 0.37037037037037035 0.8375 0.32037037037037036 0.8447916666666667 0.25555555555555554 0.8385416666666666 0.22777777777777777 0.828125 0.21481481481481482 0.8145833333333333 0.20925925925925926 0.76875 0.21481481481481482 0.746875 0.22962962962962963 0.7395833333333334 0.24259259259259258 0.734375 0.2740740740740741 0.734375 0.31296296296296294
0 0.653125 0.4185185185185185 0.6708333333333333 0.4759259259259259 0.6895833333333333 0.5092592592592593 0.70625 0.512962962962963 0.7229166666666667 0.5055555555555555 0.7541666666666667 0.4425925925925926 0.7604166666666666 0.40370370370370373 0.7552083333333334 0.3814814814814815 0.75 0.3648148148148148 0.7270833333333333 0.3296296296296296 0.6927083333333334 0.3111111111111111 0.6666666666666666 0.3055555555555556 0.6541666666666667 0.31666666666666665 0.646875 0.337037037037037 0.6427083333333333 0.3685185185185185 0.653125 0.4185185185185185
0 0.546875 0.4111111111111111 0.5635416666666667 0.4351851851851852 0.5739583333333333 0.44074074074074077 0.5885416666666666 0.43333333333333335 0.596875 0.4148148148148148 0.6104166666666667 0.34814814814814815 0.60625 0.29444444444444445 0.6010416666666667 0.2851851851851852 0.584375 0.2777777777777778 0.5645833333333333 0.28703703703703703 0.5270833333333333 0.3814814814814815 0.5260416666666666 0.3962962962962963 0.546875 0.4111111111111111
0 0.490625 0.55 0.496875 0.5740740740740741 0.51875 0.6092592592592593 0.534375 0.6111111111111112 0.5552083333333333 0.6018518518518519 0.5854166666666667 0.5518518518518518 0.590625 0.524074074074074 0.5854166666666667 0.4759259259259259 0.5510416666666667 0.4185185185185185 0.5333333333333333 0.40185185185185185 0.5083333333333333 0.39444444444444443 0.49375 0.40925925925925927 0.48333333333333334 0.4388888888888889 0.48125 0.4666666666666667 0.490625 0.55
0 0.43854166666666666 0.3333333333333333 0.440625 0.37777777777777777 0.44895833333333335 0.40925925925925927 0.46458333333333335 0.4203703703703704 0.48541666666666666 0.4185185185185185 0.5 0.3962962962962963 0.51875 0.3851851851851852 0.5427083333333333 0.337037037037037 0.5479166666666667 0.28888888888888886 0.5458333333333333 0.27037037037037037 0.528125 0.2351851851851852 0.5052083333333334 0.21296296296296297 0.478125 0.20925925925925926 0.4666666666666667 0.21481481481481482 0.4427083333333333 0.26296296296296295 0.4375 0.29444444444444445 0.43854166666666666 0.3333333333333333
0 0.3375 0.31296296296296294 0.3541666666666667 0.35185185185185186 0.38125 0.36666666666666664 0.39479166666666665 0.3851851851851852 0.41458333333333336 0.39814814814814814 0.4270833333333333 0.3925925925925926 0.4375 0.3685185185185185 0.43125 0.24074074074074073 0.409375 0.18518518518518517 0.384375 0.18333333333333332 0.3572916666666667 0.20185185185185187 0.33229166666666665 0.2574074074074074 0.3302083333333333 0.2722222222222222 0.3375 0.31296296296296294
0 0.321875 0.5407407407407407 0.34791666666666665 0.5518518518518518 0.384375 0.5425925925925926 0.409375 0.5 0.421875 0.4648148148148148 0.421875 0.43148148148148147 0.41354166666666664 0.4074074074074074 0.3875 0.37592592592592594 0.36666666666666664 0.362962962962963 0.334375 0.37037037037037035 0.315625 0.40555555555555556 0.30833333333333335 0.4351851851851852 0.31145833333333334 0.5 0.321875 0.5407407407407407
0 0.265625 0.4 0.284375 0.4351851851851852 0.30625 0.4462962962962963 0.3177083333333333 0.3962962962962963 0.328125 0.37962962962962965 0.33958333333333335 0.34444444444444444 0.328125 0.2611111111111111 0.31354166666666666 0.24814814814814815 0.28229166666666666 0.24814814814814815 0.2625 0.26481481481481484 0.24479166666666666 0.29814814814814816 0.246875 0.35185185185185186 0.265625 0.4
0 0.15729166666666666 0.43148148148148147 0.175 0.4425925925925926 0.22083333333333333 0.45 0.23333333333333334 0.43333333333333335 0.23958333333333334 0.40555555555555556 0.240625 0.37407407407407406 0.23333333333333334 0.34074074074074073 0.20729166666666668 0.28888888888888886 0.18020833333333333 0.26481481481481484 0.171875 0.26851851851851855 0.15104166666666666 0.29814814814814816 0.13645833333333332 0.35555555555555557 0.13958333333333334 0.40370370370370373 0.15729166666666666 0.43148148148148147