0 0.9041666666666667 0.3962962962962963 0.9041666666666667 0.4203703703703704 0.9083333333333333 0.4425925925925926 0.9208333333333333 0.4648148148148148 0.9354166666666667 0.4666666666666667 0.9479166666666666 0.45925925925925926 0.9645833333333333 0.4185185185185185 0.9614583333333333 0.337037037037037 0.9510416666666667 0.31296296296296294 0.9302083333333333 0.3 0.9208333333333333 0.3055555555555556 0.9072916666666667 0.3388888888888889 0.9104166666666667 0.3648148148148148 0.9041666666666667 0.3962962962962963
0 0.5958333333333333 0.5574074074074075 0.6416666666666667 0.5722222222222222 0.6520833333333333 0.5592592592592592 0.671875 0.5148148148148148 0.6708333333333333 0.4759259259259259 0.6552083333333333 0.42407407407407405 0.6260416666666667 0.37407407407407406 0.5885416666666666 0.337037037037037 0.5625 0.34074074074074073 0.5489583333333333 0.362962962962963 0.540625 0.40185185185185185 0.54375 0.45 0.5958333333333333 0.5574074074074075
0 0.5072916666666667 0.35185185185185186 0.5197916666666667 0.3574074074074074 0.5395833333333333 0.3537037037037037 0.5604166666666667 0.337037037037037 0.5666666666666667 0.32407407407407407 0.56875 0.2759259259259259 0.5510416666666667 0.23703703703703705 0.53125 0.22777777777777777 0.5177083333333333 0.22962962962962963 0.5020833333333333 0.24444444444444444 0.49166666666666664 0.2777777777777778 0.49270833333333336 0.337037037037037 0.5072916666666667 0.35185185185185186
0 0.4270833333333333 0.42407407407407405 0.4552083333333333 0.4759259259259259 0.48333333333333334 0.5 0.515625 0.48703703703703705 0.528125 0.4425925925925926 0.525 0.40370370370370373 0.5114583333333333 0.362962962962963 0.484375 0.3333333333333333 0.48125 0.29444444444444445 0.47604166666666664 0.2814814814814815 0.44166666666666665 0.2777777777777778 0.4239583333333333 0.2962962962962963 0.4114583333333333 0.3333333333333333 0.4125 0.37962962962962965 0.4270833333333333 0.42407407407407405
0 0.375 0.2611111111111111 0.415625 0.2851851851851852 0.43020833333333336 0.28703703703703703 0.4510416666666667 0.2722222222222222 0.45625 0.2537037037037037 0.4510416666666667 0.20555555555555555 0.41770833333333335 0.16111111111111112 0.40625 0.1537037037037037 0.3802083333333333 0.15925925925925927 0.3625 0.22037037037037038 0.3625 0.2351851851851852 0.375 0.2611111111111111
0 0.290625 0.26851851851851855 0.2875 0.29259259259259257 0.29375 0.3314814814814815 0.309375 0.3537037037037037 0.3145833333333333 0.37037037037037035 0.33541666666666664 0.387037037037037 0.36666666666666664 0.37037037037037035 0.38333333333333336 0.32222222222222224 0.3625 0.20555555555555555 0.353125 0.18703703703703703 0.334375 0.17777777777777778 0.3229166666666667 0.1814814814814815 0.30104166666666665 0.20925925925925926 0.2864583333333333 0.2388888888888889 0.28541666666666665 0.25555555555555554 0.290625 0.26851851851851855
0 0.21979166666666666 0.23333333333333334 0.23020833333333332 0.25 0.271875 0.24814814814814815 0.28229166666666666 0.24074074074074073 0.30520833333333336 0.19814814814814816 0.30520833333333336 0.14814814814814814 0.2947916666666667 0.12777777777777777 0.28958333333333336 0.09444444444444444 0.2760416666666667 0.09074074074074075 0.2604166666666667 0.09814814814814815 0.25104166666666666 0.10925925925925926 0.246875 0.11851851851851852 0.24791666666666667 0.12962962962962962 0.22916666666666666 0.1574074074074074 0.21666666666666667 0.1925925925925926 0.215625 0.21481481481481482 0.21979166666666666 0.23333333333333334
0 0.20833333333333334 0.3574074074074074 0.21666666666666667 0.3648148148148148 0.26875 0.37592592592592594 0.284375 0.34444444444444444 0.26875 0.25555555555555554 0.22708333333333333 0.25555555555555554 0.21979166666666666 0.25 0.20104166666666667 0.28888888888888886 0.20104166666666667 0.3388888888888889 0.20833333333333334 0.3574074074074074
0 0.146875 0.1925925925925926 0.18125 0.22407407407407406 0.20625 0.2222222222222222 0.221875 0.16296296296296298 0.21145833333333333 0.11296296296296296 0.19375 0.08333333333333333 0.18229166666666666 0.07777777777777778 0.15729166666666666 0.08518518518518518 0.146875 0.1 0.13958333333333334 0.1425925925925926 0.146875 0.1925925925925926
0 0.19375 0.4425925925925926 0.196875 0.4666666666666667 0.21666666666666667 0.49444444444444446 0.23854166666666668 0.5111111111111111 0.24479166666666666 0.5259259259259259 0.2520833333333333 0.5314814814814814 0.278125 0.5296296296296297 0.2916666666666667 0.5074074074074074 0.30104166666666665 0.46296296296296297 0.2989583333333333 0.43148148148148147 0.28958333333333336 0.40555555555555556 0.26875 0.37962962962962965 0.23958333333333334 0.3685185185185185 0.20729166666666668 0.36666666666666664 0.18854166666666666 0.3962962962962963 0.18541666666666667 0.42407407407407405 0.19375 0.4425925925925926
0 0.159375 0.4722222222222222 0.178125 0.48703703703703705 0.20520833333333333 0.48518518518518516 0.184375 0.42407407407407405 0.19375 0.3851851851851852 0.20625 0.362962962962963 0.2 0.3351851851851852 0.19166666666666668 0.3314814814814815 0.184375 0.35 0.16770833333333332 0.36666666666666664 0.15833333333333333 0.4074074074074074 0.15208333333333332 0.4166666666666667 0.15 0.45 0.159375 0.4722222222222222
0 0.1625 0.5796296296296296 0.17395833333333333 0.6259259259259259 0.20520833333333333 0.6574074074074074 0.22708333333333333 0.6537037037037037 0.23541666666666666 0.6296296296296297 0.23958333333333334 0.5981481481481481 0.23645833333333333 0.5592592592592592 0.22604166666666667 0.5296296296296297 0.2125 0.512962962962963 0.18958333333333333 0.5 0.175 0.5037037037037037 0.16666666666666666 0.5222222222222223 0.1625 0.5425925925925926 0.1625 0.5796296296296296
0 0.11979166666666667 0.3 0.13541666666666666 0.36666666666666664 0.146875 0.37777777777777777 0.16041666666666668 0.37592592592592594 0.18229166666666666 0.34814814814814815 0.184375 0.2796296296296296 0.18020833333333333 0.24444444444444444 0.16354166666666667 0.21666666666666667 0.15625 0.21481481481481482 0.14895833333333333 0.21666666666666667 0.14479166666666668 0.2351851851851852 0.128125 0.25 0.125 0.2851851851851852 0.11979166666666667 0.3
0 0.1 0.1925925925925926 0.12708333333333333 0.20555555555555555 0.14166666666666666 0.19074074074074074 0.140625 0.12222222222222222 0.134375 0.10555555555555556 0.11354166666666667 0.09814814814814815 0.090625 0.13703703703703704 0.090625 0.16111111111111112 0.1 0.1925925925925926
0 0.078125 0.31296296296296294 0.11354166666666667 0.3111111111111111 0.12395833333333334 0.2814814814814815 0.13125 0.24074074074074073 0.13645833333333332 0.2351851851851852 0.13541666666666666 0.20925925925925926 0.10104166666666667 0.1962962962962963 0.08125 0.20925925925925926 0.06666666666666667 0.24444444444444444 0.065625 0.28888888888888886 0.078125 0.31296296296296294
0 0.071875 0.40555555555555556 0.08020833333333334 0.4148148148148148 0.115625 0.42592592592592593 0.12916666666666668 0.4 0.13229166666666667 0.38333333333333336 0.13020833333333334 0.35555555555555557 0.109375 0.32037037037037036 0.078125 0.31851851851851853 0.06666666666666667 0.3537037037037037 0.06666666666666667 0.387037037037037 0.071875 0.40555555555555556
0 0 0.524074074074074 0.05 0.5203703703703704 0.07395833333333333 0.49074074074074076 0.07708333333333334 0.45185185185185184 0.07395833333333333 0.43148148148148147 0.06666666666666667 0.4203703703703704 0.040625 0.40925925925925927 0.007291666666666667 0.42592592592592593 0 0.4351851851851852 0 0.524074074074074
0 0.04479166666666667 0.40555555555555556 0.0625 0.37222222222222223 0.06458333333333334 0.32592592592592595 0.04479166666666667 0.28888888888888886 0.021875 0.2833333333333333 0.01875 0.2962962962962963 0.009375 0.3037037037037037 0.003125 0.3296296296296296 0 0.4203703703703704 0.04479166666666667 0.40555555555555556