0 0.16770833333333332 0.4351851851851852 0.20520833333333333 0.45185185185185184 0.23125 0.45185185185185184 0.24166666666666667 0.44074074074074077 0.24791666666666667 0.4203703703703704 0.2520833333333333 0.3907407407407407 0.24895833333333334 0.3592592592592593 0.225 0.30185185185185187 0.21041666666666667 0.2814814814814815 0.19375 0.27037037037037037 0.18229166666666666 0.27037037037037037 0.16666666666666666 0.28888888888888886 0.146875 0.3592592592592593 0.14791666666666667 0.40185185185185185 0.16770833333333332 0.4351851851851852
0 0.26666666666666666 0.37407407407407406 0.29270833333333335 0.4351851851851852 0.3104166666666667 0.4425925925925926 0.321875 0.39444444444444443 0.34270833333333334 0.3685185185185185 0.35 0.34814814814814815 0.35104166666666664 0.3314814814814815 0.340625 0.25925925925925924 0.31979166666666664 0.2462962962962963 0.29270833333333335 0.24444444444444444 0.26875 0.27037037037037037 0.25729166666666664 0.29259259259259257 0.25729166666666664 0.34074074074074073 0.26666666666666666 0.37407407407407406
0 0.34791666666666665 0.30925925925925923 0.3625 0.34814814814814815 0.4 0.37592592592592594 0.42083333333333334 0.40370370370370373 0.43125 0.40185185185185185 0.440625 0.387037037037037 0.440625 0.23333333333333334 0.42604166666666665 0.19074074074074074 0.4114583333333333 0.18518518518518517 0.3770833333333333 0.1962962962962963 0.3614583333333333 0.21481481481481482 0.34479166666666666 0.2537037037037037 0.34270833333333334 0.2740740740740741 0.34791666666666665 0.30925925925925923
0 0.4427083333333333 0.34444444444444444 0.446875 0.3814814814814815 0.4583333333333333 0.4166666666666667 0.49166666666666664 0.42592592592592593 0.5239583333333333 0.38333333333333336 0.534375 0.35555555555555557 0.5427083333333333 0.34814814814814815 0.55 0.2740740740740741 0.5333333333333333 0.2388888888888889 0.5135416666666667 0.21851851851851853 0.496875 0.21296296296296297 0.471875 0.21666666666666667 0.4625 0.22777777777777777 0.44479166666666664 0.2722222222222222 0.440625 0.3037037037037037 0.4427083333333333 0.34444444444444444
0 0.5552083333333333 0.40925925925925927 0.5802083333333333 0.4388888888888889 0.5958333333333333 0.43703703703703706 0.60625 0.412962962962963 0.6125 0.37222222222222223 0.6104166666666667 0.29814814814814816 0.6041666666666666 0.2851851851851852 0.5885416666666666 0.2777777777777778 0.56875 0.2851851851851852 0.5427083333333333 0.3537037037037037 0.5354166666666667 0.3962962962962963 0.5552083333333333 0.40925925925925927
0 0.503125 0.5740740740740741 0.51875 0.6092592592592593 0.5291666666666667 0.6148148148148148 0.5572916666666666 0.6111111111111112 0.5729166666666666 0.5962962962962963 0.5916666666666667 0.562962962962963 0.5947916666666667 0.55 0.5916666666666667 0.48518518518518516 0.5760416666666667 0.4462962962962963 0.5520833333333334 0.40925925925925927 0.5333333333333333 0.39814814814814814 0.5125 0.40555555555555556 0.5010416666666667 0.42777777777777776 0.4947916666666667 0.46296296296296297 0.4947916666666667 0.5333333333333333 0.503125 0.5740740740740741
0 0.31354166666666666 0.48333333333333334 0.32083333333333336 0.5277777777777778 0.359375 0.5481481481481482 0.3802083333333333 0.5462962962962963 0.40208333333333335 0.5185185185185185 0.42083333333333334 0.4777777777777778 0.428125 0.4388888888888889 0.40520833333333334 0.387037037037037 0.378125 0.3648148148148148 0.35 0.362962962962963 0.33541666666666664 0.37592592592592594 0.321875 0.39814814814814814 0.3145833333333333 0.42407407407407405 0.31145833333333334 0.4444444444444444 0.31354166666666666 0.48333333333333334
0 0.675 0.4759259259259259 0.6854166666666667 0.49444444444444446 0.7145833333333333 0.5 0.7541666666666667 0.4462962962962963 0.7625 0.3925925925925926 0.7479166666666667 0.35 0.7322916666666667 0.32407407407407407 0.6833333333333333 0.28888888888888886 0.665625 0.2962962962962963 0.6510416666666666 0.3351851851851852 0.6604166666666667 0.4222222222222222 0.675 0.4759259259259259
0 0.7510416666666667 0.35 0.7791666666666667 0.387037037037037 0.7979166666666667 0.3962962962962963 0.8197916666666667 0.3851851851851852 0.8354166666666667 0.3574074074074074 0.8479166666666667 0.28888888888888886 0.8489583333333334 0.24814814814814815 0.8364583333333333 0.21296296296296297 0.803125 0.2037037037037037 0.76875 0.21851851851851853 0.7572916666666667 0.23148148148148148 0.7416666666666667 0.26481481481481484 0.740625 0.3 0.7510416666666667 0.35
0 0.8625 0.412962962962963 0.8802083333333334 0.42962962962962964 0.8989583333333333 0.43333333333333335 0.9135416666666667 0.4166666666666667 0.9322916666666666 0.37407407407407406 0.9416666666666667 0.32222222222222224 0.9385416666666667 0.2759259259259259 0.9229166666666667 0.25 0.9072916666666667 0.24074074074074073 0.871875 0.2388888888888889 0.8583333333333333 0.25555555555555554 0.8447916666666667 0.3277777777777778 0.8458333333333333 0.37407407407407406 0.8625 0.412962962962963
0 0.9145833333333333 0.4888888888888889 0.9489583333333333 0.5296296296296297 0.978125 0.5259259259259259 0.9989583333333333 0.48703703703703705 0.9989583333333333 0.42962962962962964 0.9833333333333333 0.37592592592592594 0.9739583333333334 0.3648148148148148 0.9614583333333333 0.3648148148148148 0.9354166666666667 0.3814814814814815 0.921875 0.4074074074074074 0.9114583333333334 0.4444444444444444 0.9104166666666667 0.4759259259259259 0.9145833333333333 0.4888888888888889
0 0.95625 0.2722222222222222 0.9697916666666667 0.29259259259259257 0.9802083333333333 0.2814814814814815 0.9916666666666667 0.2518518518518518 0.9916666666666667 0.2074074074074074 0.9833333333333333 0.1925925925925926 0.9729166666666667 0.18888888888888888 0.95625 0.20925925925925926 0.9520833333333333 0.2388888888888889 0.95625 0.2722222222222222