0 0.959375 0.40925925925925927 0.9833333333333333 0.44074074074074077 0.9989583333333333 0.4444444444444444 0.9989583333333333 0.2777777777777778 0.9916666666666667 0.26851851851851855 0.9770833333333333 0.26851851851851855 0.9604166666666667 0.3 0.9541666666666667 0.35555555555555557 0.959375 0.40925925925925927
0 0.859375 0.4166666666666667 0.878125 0.4425925925925926 0.90625 0.4388888888888889 0.9260416666666667 0.4185185185185185 0.9395833333333333 0.3925925925925926 0.9364583333333333 0.37407407407407406 0.9385416666666667 0.35185185185185186 0.9125 0.25555555555555554 0.9020833333333333 0.24074074074074073 0.871875 0.24074074074074073 0.8541666666666666 0.3351851851851852 0.8541666666666666 0.387037037037037 0.859375 0.4166666666666667
0 0.7229166666666667 0.5148148148148148 0.740625 0.5388888888888889 0.7552083333333334 0.5462962962962963 0.7791666666666667 0.5407407407407407 0.7885416666666667 0.5333333333333333 0.8020833333333334 0.5037037037037037 0.8072916666666666 0.4388888888888889 0.803125 0.4203703703703704 0.7822916666666667 0.38333333333333336 0.75625 0.37037037037037035 0.7447916666666666 0.37407407407407406 0.7239583333333334 0.39814814814814814 0.7135416666666666 0.43148148148148147 0.7135416666666666 0.49074074074074076 0.7229166666666667 0.5148148148148148
0 0.68125 0.37407407407407406 0.6947916666666667 0.412962962962963 0.7052083333333333 0.42777777777777776 0.7104166666666667 0.42777777777777776 0.725 0.3925925925925926 0.746875 0.3648148148148148 0.746875 0.3425925925925926 0.7364583333333333 0.31296296296296294 0.7020833333333333 0.2574074074074074 0.6760416666666667 0.2611111111111111 0.6645833333333333 0.29814814814814816 0.6645833333333333 0.3148148148148148 0.68125 0.37407407407407406
0 0.5697916666666667 0.40555555555555556 0.5916666666666667 0.4444444444444444 0.6447916666666667 0.48333333333333334 0.6645833333333333 0.4703703703703704 0.6791666666666667 0.4388888888888889 0.6791666666666667 0.40370370370370373 0.6708333333333333 0.34814814814814815 0.6520833333333333 0.29444444444444445 0.6333333333333333 0.2740740740740741 0.60625 0.2777777777777778 0.584375 0.3037037037037037 0.5697916666666667 0.3351851851851852 0.5645833333333333 0.3648148148148148 0.5635416666666667 0.37962962962962965 0.5697916666666667 0.40555555555555556
0 0.4875 0.3888888888888889 0.503125 0.4074074074074074 0.5395833333333333 0.39814814814814814 0.559375 0.3685185185185185 0.5697916666666667 0.3 0.54375 0.2351851851851852 0.5166666666666667 0.21296296296296297 0.5010416666666667 0.2111111111111111 0.48541666666666666 0.22592592592592592 0.4708333333333333 0.25925925925925924 0.4552083333333333 0.3537037037037037 0.45208333333333334 0.37962962962962965 0.4875 0.3888888888888889
0 0.421875 0.5277777777777778 0.46145833333333336 0.5685185185185185 0.484375 0.5666666666666667 0.51875 0.5407407407407407 0.534375 0.4981481481481482 0.5302083333333333 0.4648148148148148 0.5125 0.4185185185185185 0.4895833333333333 0.39444444444444443 0.43645833333333334 0.3888888888888889 0.4125 0.42592592592592593 0.40729166666666666 0.46111111111111114 0.40729166666666666 0.48518518518518516 0.421875 0.5277777777777778
0 0.36875 0.37222222222222223 0.36770833333333336 0.3962962962962963 0.3885416666666667 0.4222222222222222 0.409375 0.42592592592592593 0.428125 0.3962962962962963 0.45 0.35 0.459375 0.30185185185185187 0.45729166666666665 0.25925925925925924 0.453125 0.24814814814814815 0.44479166666666664 0.2351851851851852 0.41875 0.21666666666666667 0.37083333333333335 0.22962962962962963 0.36875 0.2518518518518518 0.3614583333333333 0.2722222222222222 0.36041666666666666 0.31296296296296294 0.36875 0.37222222222222223
0 0.25729166666666664 0.37592592592592594 0.26458333333333334 0.40185185185185185 0.284375 0.4203703703703704 0.3104166666666667 0.42592592592592593 0.3489583333333333 0.4166666666666667 0.36666666666666664 0.4 0.36041666666666666 0.31851851851851853 0.3385416666666667 0.2777777777777778 0.3145833333333333 0.2518518518518518 0.29270833333333335 0.2462962962962963 0.28125 0.24814814814814815 0.2677083333333333 0.2740740740740741 0.25729166666666664 0.34629629629629627 0.25729166666666664 0.37592592592592594
0 0.215625 0.34629629629629627 0.22291666666666668 0.35555555555555557 0.2552083333333333 0.34629629629629627 0.27395833333333336 0.2574074074074074 0.265625 0.20185185185185187 0.25104166666666666 0.18518518518518517 0.2125 0.17777777777777778 0.1875 0.2037037037037037 0.18854166666666666 0.2814814814814815 0.215625 0.34629629629629627
0 0.13229166666666667 0.4444444444444444 0.15 0.4648148148148148 0.19270833333333334 0.45925925925925926 0.21145833333333333 0.43148148148148147 0.221875 0.3907407407407407 0.22083333333333333 0.3592592592592593 0.21041666666666667 0.3351851851851852 0.2 0.31851851851851853 0.18229166666666666 0.3074074074074074 0.159375 0.31296296296296294 0.13020833333333334 0.3611111111111111 0.12604166666666666 0.37962962962962965 0.125 0.40925925925925927 0.13229166666666667 0.4444444444444444