0 0.8979166666666667 0.43703703703703706 0.9208333333333333 0.4462962962962963 0.9333333333333333 0.43148148148148147 0.9375 0.4 0.9260416666666667 0.3296296296296296 0.915625 0.32037037037037036 0.90625 0.32222222222222224 0.884375 0.34444444444444444 0.878125 0.3611111111111111 0.878125 0.39444444444444443 0.8979166666666667 0.43703703703703706
0 0.7833333333333333 0.4166666666666667 0.796875 0.45925925925925926 0.8260416666666667 0.4685185185185185 0.8427083333333333 0.45925925925925926 0.8510416666666667 0.4444444444444444 0.8614583333333333 0.4074074074074074 0.8677083333333333 0.34629629629629627 0.8697916666666666 0.25 0.8625 0.21481481481481482 0.8166666666666667 0.22592592592592592 0.7989583333333333 0.24814814814814815 0.790625 0.3055555555555556 0.7916666666666666 0.34629629629629627 0.7854166666666667 0.3648148148148148 0.7875 0.3962962962962963 0.7833333333333333 0.4166666666666667
0 0.4822916666666667 0.4388888888888889 0.5104166666666666 0.4759259259259259 0.5229166666666667 0.47962962962962963 0.546875 0.45185185185185184 0.565625 0.3648148148148148 0.553125 0.3277777777777778 0.5364583333333334 0.31666666666666665 0.5239583333333333 0.31851851851851853 0.5072916666666667 0.34074074074074073 0.48125 0.4 0.4791666666666667 0.42777777777777776 0.4822916666666667 0.4388888888888889
0 0.39791666666666664 0.42592592592592593 0.39375 0.45185185185185184 0.415625 0.5222222222222223 0.4395833333333333 0.5370370370370371 0.4739583333333333 0.5203703703703704 0.484375 0.48333333333333334 0.484375 0.45185185185185184 0.47291666666666665 0.3888888888888889 0.465625 0.37407407407407406 0.4666666666666667 0.362962962962963 0.4583333333333333 0.337037037037037 0.4395833333333333 0.32222222222222224 0.41770833333333335 0.32037037037037036 0.403125 0.34074074074074073 0.390625 0.37962962962962965 0.38958333333333334 0.4074074074074074 0.39791666666666664 0.42592592592592593
0 0.28958333333333336 0.24814814814814815 0.31354166666666666 0.26666666666666666 0.33958333333333335 0.2740740740740741 0.36354166666666665 0.25555555555555554 0.37604166666666666 0.23703703703703705 0.3802083333333333 0.2074074074074074 0.37916666666666665 0.13518518518518519 0.365625 0.11851851851851852 0.33958333333333335 0.12037037037037036 0.3211802083333334 0.14444444444444443 0.29270833333333335 0.16111111111111112 0.284375 0.1814814814814815 0.2833333333333333 0.22592592592592592 0.28958333333333336 0.24814814814814815
0 0.20208333333333334 0.2222222222222222 0.20833333333333334 0.24074074074074073 0.225 0.26481481481481484 0.24166666666666667 0.27037037037037037 0.2635416666666667 0.26296296296296295 0.271875 0.2518518518518518 0.28125 0.20555555555555555 0.28125 0.18333333333333332 0.26979166666666665 0.14444444444444443 0.25729166666666664 0.12777777777777777 0.24270833333333333 0.11851851851851852 0.21666666666666667 0.12222222222222222 0.20520833333333333 0.14074074074074075 0.19791666666666666 0.16666666666666666 0.196875 0.19444444444444445 0.20208333333333334 0.2222222222222222
0 0.15104166666666666 0.20925925925925926 0.16770833333333332 0.22037037037037038 0.190625 0.19814814814814816 0.19479166666666667 0.1537037037037037 0.20208333333333334 0.13703703703703704 0.20208333333333334 0.12407407407407407 0.1875 0.09444444444444444 0.18020833333333333 0.08888888888888889 0.14895833333333333 0.09444444444444444 0.140625 0.12222222222222222 0.13958333333333334 0.16111111111111112 0.15104166666666666 0.20925925925925926
0 0.259375 0.362962962962963 0.31354166666666666 0.3648148148148148 0.32083333333333336 0.32407407407407407 0.309375 0.3055555555555556 0.3072916666666667 0.2722222222222222 0.28541666666666665 0.25555555555555554 0.25104166666666666 0.27037037037037037 0.23854166666666668 0.2814814814814815 0.259375 0.362962962962963
0 0.27395833333333336 0.5092592592592593 0.2833333333333333 0.512962962962963 0.303125 0.5407407407407407 0.33125 0.5166666666666667 0.3416666666666667 0.4759259259259259 0.3375 0.42592592592592593 0.31666666666666665 0.37592592592592594 0.26979166666666665 0.362962962962963 0.25625 0.37592592592592594 0.25104166666666666 0.40925925925925927 0.25 0.45925925925925926 0.27395833333333336 0.5092592592592593
0 0.20104166666666667 0.5740740740740741 0.21145833333333333 0.6055555555555555 0.24791666666666667 0.6425925925925926 0.2760416666666667 0.6462962962962963 0.28229166666666666 0.6407407407407407 0.28541666666666665 0.6111111111111112 0.29583333333333334 0.5777777777777777 0.29791666666666666 0.5425925925925926 0.2916666666666667 0.5277777777777778 0.2625 0.5037037037037037 0.23125 0.4962962962962963 0.21041666666666667 0.5 0.19895833333333332 0.5185185185185185 0.196875 0.5370370370370371 0.20104166666666667 0.5740740740740741
0 0.17291666666666666 0.45185185185185184 0.178125 0.4740740740740741 0.20833333333333334 0.4981481481481482 0.234375 0.4925925925925926 0.24583333333333332 0.45555555555555555 0.25104166666666666 0.38333333333333336 0.25625 0.3648148148148148 0.2552083333333333 0.34074074074074073 0.24479166666666666 0.2962962962962963 0.21666666666666667 0.26851851851851855 0.203125 0.26666666666666666 0.18020833333333333 0.3111111111111111 0.17916666666666667 0.32407407407407407 0.18333333333333332 0.40185185185185185 0.17291666666666666 0.45185185185185184
0 0.16770833333333332 0.337037037037037 0.178125 0.34444444444444444 0.17708333333333334 0.32407407407407407 0.19270833333333334 0.29444444444444445 0.19791666666666666 0.2722222222222222 0.21458333333333332 0.26481481481481484 0.21458333333333332 0.25925925925925924 0.19479166666666667 0.21481481481481482 0.184375 0.20925925925925926 0.17604166666666668 0.21851851851851853 0.16354166666666667 0.2740740740740741 0.159375 0.31666666666666665 0.16770833333333332 0.337037037037037
0 0.08645833333333333 0.29444444444444445 0.090625 0.31666666666666665 0.1 0.3314814814814815 0.13020833333333334 0.3333333333333333 0.15729166666666666 0.31296296296296294 0.16354166666666667 0.25 0.15416666666666667 0.22777777777777777 0.121875 0.21666666666666667 0.103125 0.2222222222222222 0.09166666666666666 0.24074074074074073 0.08645833333333333 0.25925925925925924 0.08645833333333333 0.29444444444444445
0 0.13333333333333333 0.4537037037037037 0.15416666666666667 0.46296296296296297 0.17083333333333334 0.45185185185185184 0.18229166666666666 0.3962962962962963 0.171875 0.34814814814814815 0.16041666666666668 0.3351851851851852 0.14375 0.34444444444444444 0.13541666666666666 0.34074074074074073 0.11979166666666667 0.3648148148148148 0.11979166666666667 0.4148148148148148 0.13333333333333333 0.4537037037037037
0 0.07291666666666667 0.4722222222222222 0.084375 0.49074074074074076 0.08958333333333333 0.5148148148148148 0.11979166666666667 0.5425925925925926 0.134375 0.5388888888888889 0.14791666666666667 0.5203703703703704 0.15104166666666666 0.5092592592592593 0.14895833333333333 0.4685185185185185 0.128125 0.44814814814814813 0.12708333333333333 0.42407407407407405 0.11770833333333333 0.40555555555555556 0.11770833333333333 0.362962962962963 0.1125 0.3537037037037037 0.09583333333333334 0.3314814814814815 0.07708333333333334 0.32592592592592595 0.052083333333333336 0.37777777777777777 0.053125 0.4166666666666667 0.07291666666666667 0.4722222222222222
0 0.010416666666666666 0.3 0.007291666666666667 0.31296296296296294 0.008333333333333333 0.32407407407407407 0.014583333333333334 0.3296296296296296 0.041666666666666664 0.3425925925925926 0.059375 0.3333333333333333 0.07604166666666666 0.30185185185185187 0.078125 0.2518518518518518 0.06354166666666666 0.22592592592592592 0.0375 0.22592592592592592 0.008333333333333333 0.2537037037037037 0.00625 0.2814814814814815 0.010416666666666666 0.3