0 0.521875 0.5055555555555555 0.5614583333333333 0.5111111111111111 0.5802083333333333 0.4777777777777778 0.5854166666666667 0.42962962962962964 0.584375 0.3814814814814815 0.5760416666666667 0.3592592592592593 0.5645833333333333 0.35 0.55 0.34629629629629627 0.5395833333333333 0.35185185185185186 0.5229166666666667 0.38333333333333336 0.5114583333333333 0.4388888888888889 0.5114583333333333 0.47962962962962963 0.521875 0.5055555555555555
0 0.271875 0.25925925925925924 0.3145833333333333 0.2833333333333333 0.3416666666666667 0.25555555555555554 0.35625 0.22962962962962963 0.3572916666666667 0.1574074074074074 0.35208333333333336 0.1425925925925926 0.3385416666666667 0.13148148148148148 0.309375 0.13333333333333333 0.27708333333333335 0.17592592592592593 0.26979166666666665 0.19444444444444445 0.2677083333333333 0.23703703703703705 0.271875 0.25925925925925924
0 0.3229166666666667 0.44814814814814813 0.328125 0.45925925925925926 0.3416666666666667 0.4685185185185185 0.37083333333333335 0.4666666666666667 0.4041666666666667 0.43703703703703706 0.415625 0.40370370370370373 0.41875 0.37222222222222223 0.41041666666666665 0.31666666666666665 0.38229166666666664 0.2962962962962963 0.35520833333333335 0.3074074074074074 0.34479166666666666 0.32592592592592595 0.3416666666666667 0.3425925925925926 0.3229166666666667 0.35555555555555557 0.3177083333333333 0.36666666666666664 0.325 0.42592592592592593 0.3229166666666667 0.44814814814814813
0 0.23020833333333332 0.3611111111111111 0.23645833333333333 0.37222222222222223 0.26875 0.38333333333333336 0.29375 0.37962962962962965 0.309375 0.34444444444444444 0.2947916666666667 0.2796296296296296 0.271875 0.26481481481481484 0.23541666666666666 0.2796296296296296 0.225 0.3037037037037037 0.22395833333333334 0.32407407407407407 0.23020833333333332 0.3611111111111111
0 0.15416666666666667 0.2462962962962963 0.16979166666666667 0.24814814814814815 0.18541666666666667 0.22962962962962963 0.18958333333333333 0.1574074074074074 0.184375 0.14629629629629629 0.16770833333333332 0.1425925925925926 0.15104166666666666 0.15 0.13229166666666667 0.17592592592592593 0.134375 0.22037037037037038 0.15416666666666667 0.2462962962962963
0 0.21354166666666666 0.27037037037037037 0.23020833333333332 0.2777777777777778 0.246875 0.2722222222222222 0.25833333333333336 0.2537037037037037 0.2677083333333333 0.19814814814814816 0.25729166666666664 0.1648148148148148 0.24791666666666667 0.15 0.234375 0.14074074074074075 0.21458333333333332 0.14629629629629629 0.19791666666666666 0.15925925925925927 0.18854166666666666 0.17777777777777778 0.18854166666666666 0.21851851851851853 0.21354166666666666 0.27037037037037037
0 0.24479166666666666 0.5037037037037037 0.284375 0.5351851851851852 0.309375 0.5148148148148148 0.31875 0.46296296296296297 0.30833333333333335 0.4148148148148148 0.2916666666666667 0.3814814814814815 0.28229166666666666 0.37777777777777777 0.2677083333333333 0.3851851851851852 0.23645833333333333 0.37592592592592594 0.221875 0.40370370370370373 0.22291666666666668 0.45740740740740743 0.24479166666666666 0.5037037037037037
0 0.209375 0.6037037037037037 0.23854166666666668 0.6370370370370371 0.25729166666666664 0.6425925925925926 0.2708333333333333 0.6370370370370371 0.28541666666666665 0.5611111111111111 0.2833333333333333 0.5444444444444444 0.27395833333333336 0.5277777777777778 0.2604166666666667 0.512962962962963 0.23645833333333333 0.5018518518518519 0.21458333333333332 0.5018518518518519 0.20520833333333333 0.5111111111111111 0.196875 0.5314814814814814 0.19583333333333333 0.5648148148148148 0.209375 0.6037037037037037
0 0.06770833333333333 0.5333333333333333 0.090625 0.5722222222222222 0.1125 0.5685185185185185 0.12395833333333334 0.5425925925925926 0.12604166666666666 0.5074074074074074 0.11979166666666667 0.4648148148148148 0.103125 0.40370370370370373 0.08541666666666667 0.38333333333333336 0.06770833333333333 0.387037037037037 0.057291666666666664 0.3962962962962963 0.04583333333333333 0.4222222222222222 0.05 0.4759259259259259 0.06770833333333333 0.5333333333333333
0 0.03958333333333333 0.40370370370370373 0.08541666666666667 0.37777777777777777 0.084375 0.34074074074074073 0.07083333333333333 0.31296296296296294 0.04583333333333333 0.30925925925925923 0.035416666666666666 0.337037037037037 0.028125 0.3814814814814815 0.03958333333333333 0.40370370370370373
0 0.128125 0.4666666666666667 0.15729166666666666 0.4685185185185185 0.16770833333333332 0.45925925925925926 0.16041666666666668 0.362962962962963 0.15208333333333332 0.3537037037037037 0.13645833333333332 0.35185185185185186 0.13020833333333334 0.3611111111111111 0.121875 0.3962962962962963 0.11666666666666667 0.4351851851851852 0.128125 0.4666666666666667
0 0.16145833333333334 0.37777777777777777 0.16041666666666668 0.40185185185185185 0.17291666666666666 0.4203703703703704 0.175 0.4351851851851852 0.19270833333333334 0.4351851851851852 0.2 0.4148148148148148 0.2125 0.40370370370370373 0.2125 0.3277777777777778 0.17916666666666667 0.3055555555555556 0.16041666666666668 0.32222222222222224 0.15520833333333334 0.34074074074074073 0.16145833333333334 0.37777777777777777
0 0.18958333333333333 0.48703703703703705 0.20833333333333334 0.5018518518518519 0.23645833333333333 0.4962962962962963 0.21875 0.42962962962962964 0.22083333333333333 0.40370370370370373 0.23020833333333332 0.37962962962962965 0.22708333333333333 0.35555555555555557 0.221875 0.34629629629629627 0.215625 0.34814814814814815 0.21354166666666666 0.387037037037037 0.18020833333333333 0.4444444444444444 0.18125 0.4685185185185185 0.18958333333333333 0.48703703703703705
0 0.12604166666666666 0.34444444444444444 0.14479166666666668 0.34444444444444444 0.16458333333333333 0.31296296296296294 0.1625 0.2962962962962963 0.16875 0.2962962962962963 0.16666666666666666 0.2777777777777778 0.16979166666666667 0.26666666666666666 0.14479166666666668 0.23703703703703705 0.1375 0.23703703703703705 0.115625 0.24814814814814815 0.10729166666666666 0.2777777777777778 0.11145833333333334 0.3296296296296296 0.12604166666666666 0.34444444444444444
0 0.178125 0.30185185185185187 0.2125 0.32222222222222224 0.21770833333333334 0.32222222222222224 0.22291666666666668 0.30925925925925923 0.225 0.2796296296296296 0.209375 0.26481481481481484 0.19270833333333334 0.22962962962962963 0.184375 0.23703703703703705 0.17291666666666666 0.26481481481481484 0.17083333333333334 0.29259259259259257 0.178125 0.30185185185185187