0 0.85234375 0.42916666666666664 0.86953125 0.44305555555555554 0.88359375 0.4388888888888889 0.89609375 0.40555555555555556 0.87265625 0.3972222222222222 0.84296875 0.4013888888888889 0.84609375 0.41805555555555557 0.85234375 0.42916666666666664
0 0.84296875 0.3763888888888889 0.875 0.37777777777777777 0.88515625 0.38472222222222224 0.89453125 0.375 0.89140625 0.35694444444444445 0.89296875 0.3347222222222222 0.88671875 0.3194444444444444 0.8765625 0.30972222222222223 0.85859375 0.32083333333333336 0.840625 0.3541666666666667 0.83984375 0.36666666666666664 0.84296875 0.3763888888888889
0 0.81015625 0.3194444444444444 0.82265625 0.3263888888888889 0.83828125 0.3263888888888889 0.8484375 0.30972222222222223 0.8484375 0.2902777777777778 0.85625 0.28888888888888886 0.853125 0.225 0.8453125 0.21388888888888888 0.83671875 0.19027777777777777 0.82109375 0.175 0.8 0.17777777777777778 0.79140625 0.18888888888888888 0.784375 0.2013888888888889 0.78515625 0.21666666666666667 0.78046875 0.23333333333333334 0.784375 0.275 0.81015625 0.3194444444444444
0 0.753125 0.42083333333333334 0.76875 0.41388888888888886 0.77109375 0.4041666666666667 0.74453125 0.4013888888888889 0.74765625 0.4166666666666667 0.753125 0.42083333333333334
0 0.72578125 0.375 0.775 0.3763888888888889 0.78984375 0.37083333333333335 0.790625 0.3416666666666667 0.76875 0.25416666666666665 0.7546875 0.2625 0.74453125 0.2611111111111111 0.7296875 0.27361111111111114 0.72109375 0.2986111111111111 0.71953125 0.3486111111111111 0.72578125 0.375
0 0.7421875 0.5097222222222222 0.746875 0.5166666666666667 0.75234375 0.5430555555555555 0.75078125 0.5527777777777778 0.7546875 0.5611111111111111 0.76953125 0.5625 0.78125 0.5791666666666667 0.80703125 0.5791666666666667 0.8328125 0.5458333333333333 0.83515625 0.5263888888888889 0.8328125 0.49444444444444446 0.82890625 0.4847222222222222 0.825 0.44583333333333336 0.8171875 0.43194444444444446 0.7921875 0.4125 0.77421875 0.4111111111111111 0.76640625 0.425 0.7515625 0.4305555555555556 0.74453125 0.45416666666666666 0.746875 0.4722222222222222 0.7421875 0.5097222222222222
0 0.69765625 0.3736111111111111 0.6890625 0.3263888888888889 0.67578125 0.32222222222222224 0.653125 0.325 0.640625 0.3402777777777778 0.63671875 0.3527777777777778 0.63671875 0.3763888888888889 0.69765625 0.3736111111111111
0 0.64140625 0.4305555555555556 0.64375 0.4513888888888889 0.6546875 0.4638888888888889 0.66484375 0.4625 0.69296875 0.43194444444444446 0.6953125 0.4222222222222222 0.6890625 0.4 0.63984375 0.39861111111111114 0.634375 0.4027777777777778 0.634375 0.41388888888888886 0.64140625 0.4305555555555556
0 0.25703125 0.24861111111111112 0.25625 0.2763888888888889 0.2703125 0.2972222222222222 0.2921875 0.2972222222222222 0.3171875 0.28055555555555556 0.32265625 0.2708333333333333 0.321875 0.24861111111111112 0.32578125 0.23194444444444445 0.30703125 0.18888888888888888 0.2875 0.18472222222222223 0.26640625 0.1986111111111111 0.2578125 0.19166666666666668 0.25 0.2111111111111111 0.24921875 0.22361111111111112 0.25703125 0.24861111111111112
0 0.12421875 0.40694444444444444 0.14296875 0.41388888888888886 0.15625 0.4041666666666667 0.14765625 0.39861111111111114 0.12265625 0.4013888888888889 0.12109375 0.4041666666666667 0.12421875 0.40694444444444444
0 0.10625 0.3861111111111111 0.1625 0.3875 0.16640625 0.3861111111111111 0.17734375 0.3541666666666667 0.1796875 0.3333333333333333 0.17265625 0.30277777777777776 0.15 0.29305555555555557 0.13515625 0.2972222222222222 0.11171875 0.31666666666666665 0.10078125 0.3375 0.1 0.35555555555555557 0.10625 0.3861111111111111