0 0.9270833333333334 0.2777777777777778 0.940625 0.2962962962962963 0.9729166666666667 0.29814814814814816 0.9822916666666667 0.29259259259259257 0.990625 0.2740740740740741 0.9895833333333334 0.22777777777777777 0.978125 0.18888888888888888 0.9677083333333333 0.17222222222222222 0.9583333333333334 0.17407407407407408 0.9395833333333333 0.19814814814814816 0.928125 0.23148148148148148 0.925 0.2518518518518518 0.9270833333333334 0.2777777777777778
0 0.8354166666666667 0.42777777777777776 0.846875 0.44074074074074077 0.86875 0.45 0.8979166666666667 0.4 0.9020833333333333 0.37037037037037035 0.9114583333333334 0.35185185185185186 0.9114583333333334 0.3351851851851852 0.8947916666666667 0.2814814814814815 0.8697916666666666 0.25925925925925924 0.8479166666666667 0.25555555555555554 0.8427083333333333 0.26481481481481484 0.8395833333333333 0.3055555555555556 0.821875 0.3574074074074074 0.821875 0.3907407407407407 0.8354166666666667 0.42777777777777776
0 0.7291666666666666 0.3351851851851852 0.7395833333333334 0.3574074074074074 0.7666666666666667 0.387037037037037 0.790625 0.3814814814814815 0.8145833333333333 0.3592592592592593 0.83125 0.31851851851851853 0.8354166666666667 0.2796296296296296 0.8395833333333333 0.2740740740740741 0.8375 0.2518518518518518 0.8260416666666667 0.22777777777777777 0.7864583333333334 0.21296296296296297 0.7625 0.21296296296296297 0.74375 0.2222222222222222 0.734375 0.2351851851851852 0.7270833333333333 0.26296296296296295 0.7239583333333334 0.30185185185185187 0.7291666666666666 0.3351851851851852
0 0.8895833333333333 0.5740740740740741 0.925 0.5703703703703704 0.9364583333333333 0.5592592592592592 0.946875 0.5370370370370371 0.9510416666666667 0.5203703703703704 0.9510416666666667 0.4777777777777778 0.9427083333333334 0.43703703703703706 0.9354166666666667 0.42407407407407405 0.9197916666666667 0.412962962962963 0.9 0.4166666666666667 0.8822916666666667 0.43333333333333335 0.871875 0.4537037037037037 0.8708333333333333 0.5314814814814814 0.8895833333333333 0.5740740740740741
0 0.6572916666666667 0.45925925925925926 0.675 0.4962962962962963 0.6979166666666666 0.5203703703703704 0.70625 0.5222222222222223 0.7239583333333334 0.5092592592592593 0.7541666666666667 0.42592592592592593 0.7552083333333334 0.38333333333333336 0.7291666666666666 0.3425925925925926 0.709375 0.3296296296296296 0.6572916666666667 0.32407407407407407 0.6395833333333333 0.34444444444444444 0.6354166666666666 0.36666666666666664 0.6354166666666666 0.39814814814814814 0.6572916666666667 0.45925925925925926
0 0.5291666666666667 0.4074074074074074 0.571875 0.43148148148148147 0.5885416666666666 0.40925925925925927 0.6010416666666667 0.37592592592592594 0.6083333333333333 0.35 0.6041666666666666 0.3296296296296296 0.6083333333333333 0.3074074074074074 0.6020833333333333 0.29259259259259257 0.5875 0.2796296296296296 0.5708333333333333 0.2833333333333333 0.5572916666666666 0.2962962962962963 0.5239583333333333 0.3574074074074074 0.521875 0.387037037037037 0.5291666666666667 0.4074074074074074
0 0.496875 0.5777777777777777 0.5104166666666666 0.5888888888888889 0.5177083333333333 0.6037037037037037 0.53125 0.6037037037037037 0.5552083333333333 0.5814814814814815 0.5822916666666667 0.5166666666666667 0.584375 0.49444444444444446 0.5729166666666666 0.45555555555555555 0.5541666666666667 0.42777777777777776 0.5333333333333333 0.4111111111111111 0.5052083333333334 0.3962962962962963 0.48854166666666665 0.3962962962962963 0.475 0.4185185185185185 0.46875 0.4425925925925926 0.46770833333333334 0.4740740740740741 0.496875 0.5777777777777777
0 0.44583333333333336 0.40185185185185185 0.46979166666666666 0.4166666666666667 0.5104166666666666 0.38333333333333336 0.5416666666666666 0.3148148148148148 0.5416666666666666 0.2722222222222222 0.5364583333333334 0.25 0.51875 0.22037037037037038 0.49166666666666664 0.20185185185185187 0.4708333333333333 0.20185185185185187 0.45416666666666666 0.21296296296296297 0.43854166666666666 0.2537037037037037 0.434375 0.2796296296296296 0.434375 0.3388888888888889 0.44583333333333336 0.40185185185185185
0 0.321875 0.3111111111111111 0.340625 0.35185185185185186 0.3802083333333333 0.37222222222222223 0.390625 0.3851851851851852 0.41041666666666665 0.3888888888888889 0.428125 0.35 0.428125 0.32037037037037036 0.41458333333333336 0.23148148148148148 0.4041666666666667 0.20185185185185187 0.3875 0.17777777777777778 0.3645833333333333 0.17962962962962964 0.34270833333333334 0.19814814814814816 0.32916666666666666 0.22037037037037038 0.315625 0.2574074074074074 0.3145833333333333 0.2777777777777778 0.321875 0.3111111111111111
0 0.303125 0.48703703703703705 0.3104166666666667 0.5222222222222223 0.32395833333333335 0.5555555555555556 0.353125 0.5592592592592592 0.38125 0.5425925925925926 0.40729166666666666 0.5018518518518519 0.41770833333333335 0.46296296296296297 0.4166666666666667 0.43148148148148147 0.4 0.3925925925925926 0.35625 0.3611111111111111 0.3302083333333333 0.36666666666666664 0.32083333333333336 0.37777777777777777 0.303125 0.4222222222222222 0.3 0.44814814814814813 0.303125 0.48703703703703705
0 0.24270833333333333 0.37962962962962965 0.2864583333333333 0.4462962962962963 0.3 0.4462962962962963 0.3020833333333333 0.4222222222222222 0.32083333333333336 0.37592592592592594 0.3260416666666667 0.3425925925925926 0.309375 0.25925925925925924 0.296875 0.25 0.2708333333333333 0.2518518518518518 0.25 0.26851851851851855 0.23020833333333332 0.3055555555555556 0.23229166666666667 0.34814814814814815 0.24270833333333333 0.37962962962962965
0 0.125 0.3851851851851852 0.14583333333333334 0.42592592592592593 0.16666666666666666 0.4388888888888889 0.203125 0.44814814814814813 0.221875 0.4351851851851852 0.23229166666666667 0.3907407407407407 0.23125 0.37407407407407406 0.221875 0.3388888888888889 0.19583333333333333 0.2814814814814815 0.175 0.26296296296296295 0.16458333333333333 0.2611111111111111 0.146875 0.2796296296296296 0.12916666666666668 0.3333333333333333 0.12395833333333334 0.35185185185185186 0.125 0.3851851851851852