0 0.36875 0.7430555555555556 0.36875 0.7722222222222223 0.37578125 0.7791666666666667 0.39609375 0.7833333333333333 0.403125 0.7902777777777777 0.43125 0.7902777777777777 0.4421875 0.7777777777777778 0.4421875 0.7694444444444445 0.4484375 0.7583333333333333 0.4484375 0.7305555555555555 0.44296875 0.7291666666666666 0.4359375 0.7180555555555556 0.40625 0.7180555555555556 0.39921875 0.725 0.37578125 0.7305555555555555 0.375 0.7388888888888889 0.36875 0.7430555555555556
0 0.52734375 0.49444444444444446 0.53203125 0.5041666666666667 0.540625 0.5083333333333333 0.54453125 0.5166666666666667 0.57265625 0.5152777777777777 0.57734375 0.5083333333333333 0.59140625 0.5041666666666667 0.596875 0.4930555555555556 0.596875 0.45555555555555555 0.5796875 0.4375 0.5625 0.4375 0.5359375 0.45555555555555555 0.52734375 0.46805555555555556 0.52734375 0.49444444444444446
0 0.371875 0.6333333333333333 0.3859375 0.6430555555555556 0.40546875 0.6430555555555556 0.41328125 0.6333333333333333 0.421875 0.6291666666666667 0.421875 0.5805555555555556 0.41796875 0.5791666666666667 0.415625 0.5708333333333333 0.3921875 0.5708333333333333 0.36328125 0.6013888888888889 0.36328125 0.6333333333333333 0.371875 0.6333333333333333
0 0.31484375 0.34305555555555556 0.31484375 0.4 0.32578125 0.4166666666666667 0.34375 0.4152777777777778 0.3546875 0.4027777777777778 0.3546875 0.3541666666666667 0.3484375 0.3416666666666667 0.3484375 0.33055555555555555 0.32421875 0.3333333333333333 0.32265625 0.3416666666666667 0.31484375 0.34305555555555556
0 0.24375 0.5097222222222222 0.24375 0.5402777777777777 0.25703125 0.5625 0.275 0.5555555555555556 0.28671875 0.5444444444444444 0.28671875 0.5319444444444444 0.296875 0.5138888888888888 0.296875 0.4930555555555556 0.29296875 0.49166666666666664 0.28515625 0.47638888888888886 0.26484375 0.47638888888888886 0.25703125 0.48194444444444445 0.25546875 0.49027777777777776 0.25 0.49444444444444446 0.25 0.5027777777777778 0.24375 0.5097222222222222
0 0.30390625 0.375 0.3140625 0.3736111111111111 0.321875 0.3486111111111111 0.32109375 0.33194444444444443 0.31171875 0.3236111111111111 0.30078125 0.325 0.29375 0.3388888888888889 0.2953125 0.36527777777777776 0.30390625 0.375
0 0.36171875 0.4527777777777778 0.3765625 0.4652777777777778 0.390625 0.45555555555555555 0.3953125 0.42777777777777776 0.39140625 0.4 0.38125 0.3902777777777778 0.3671875 0.3902777777777778 0.36171875 0.3972222222222222 0.3578125 0.4125 0.36171875 0.4527777777777778
0 0.34140625 0.4597222222222222 0.3484375 0.45555555555555555 0.36015625 0.4361111111111111 0.35546875 0.4166666666666667 0.3484375 0.4152777777777778 0.33359375 0.4236111111111111 0.33046875 0.4444444444444444 0.34140625 0.4597222222222222
0 0.29296875 0.5027777777777778 0.30546875 0.49444444444444446 0.30390625 0.48055555555555557 0.296875 0.4722222222222222 0.284375 0.47638888888888886 0.28515625 0.4861111111111111 0.29296875 0.5027777777777778
0 0.2828125 0.6013888888888889 0.296875 0.6180555555555556 0.321875 0.5944444444444444 0.33515625 0.575 0.33515625 0.5444444444444444 0.3328125 0.5347222222222222 0.325 0.525 0.30859375 0.5222222222222223 0.29375 0.5361111111111111 0.28046875 0.5666666666666667 0.284375 0.5916666666666667 0.2828125 0.6013888888888889
0 0.34609375 0.5722222222222222 0.3578125 0.5819444444444445 0.36875 0.575 0.3765625 0.5486111111111112 0.371875 0.5041666666666667 0.36328125 0.49583333333333335 0.35078125 0.49583333333333335 0.34296875 0.5111111111111111 0.34140625 0.5541666666666667 0.34609375 0.5722222222222222
0 0.52265625 0.6694444444444444 0.54921875 0.6791666666666667 0.5671875 0.6625 0.56171875 0.6361111111111111 0.5515625 0.6180555555555556 0.5390625 0.6069444444444444 0.525 0.6125 0.5125 0.6319444444444444 0.51328125 0.6555555555555556 0.52265625 0.6694444444444444
0 0.56015625 0.5930555555555556 0.571875 0.5944444444444444 0.59140625 0.5777777777777777 0.59765625 0.5527777777777778 0.596875 0.5319444444444444 0.584375 0.5125 0.56171875 0.5194444444444445 0.54296875 0.5416666666666666 0.54140625 0.5666666666666667 0.56015625 0.5930555555555556
0 0.453125 0.4375 0.46328125 0.4375 0.475 0.425 0.47421875 0.40694444444444444 0.46796875 0.39305555555555555 0.45625 0.39305555555555555 0.44296875 0.40694444444444444 0.44375 0.41944444444444445 0.453125 0.4375
0 0.4015625 0.4486111111111111 0.41875 0.45 0.4328125 0.4375 0.4328125 0.4152777777777778 0.42265625 0.3875 0.40390625 0.39305555555555555 0.3953125 0.4027777777777778 0.3953125 0.42916666666666664 0.4015625 0.4486111111111111