0 0.5484375 0.4875 0.55703125 0.5041666666666667 0.578125 0.5041666666666667 0.58828125 0.49166666666666664 0.58828125 0.4625 0.5859375 0.45555555555555555 0.58203125 0.45555555555555555 0.57890625 0.4486111111111111 0.56875 0.44583333333333336 0.5484375 0.44583333333333336 0.5484375 0.4875
0 0.53125 0.8180555555555555 0.53828125 0.8277777777777777 0.5734375 0.8291666666666667 0.5921875 0.8055555555555556 0.5921875 0.7694444444444445 0.565625 0.7430555555555556 0.54453125 0.7430555555555556 0.53125 0.7597222222222222 0.5296875 0.8055555555555556 0.53125 0.8180555555555555
0 0.62578125 0.5916666666666667 0.6375 0.5916666666666667 0.64453125 0.5833333333333334 0.65859375 0.5791666666666667 0.6671875 0.5652777777777778 0.6671875 0.5305555555555556 0.66171875 0.5263888888888889 0.65703125 0.5111111111111111 0.6296875 0.5111111111111111 0.63125 0.5152777777777777 0.625 0.5180555555555556 0.62421875 0.5291666666666667 0.61796875 0.5305555555555556 0.61796875 0.5819444444444445 0.62578125 0.5916666666666667
0 0.7109375 0.5888888888888889 0.71328125 0.5944444444444444 0.7109375 0.5964291666666667 0.7109375 0.6416666666666667 0.73515625 0.6458333333333334 0.7453125 0.6402777777777777 0.7546875 0.6138888888888889 0.753125 0.5833333333333334 0.7484375 0.5763888888888888 0.725 0.5763888888888888 0.72265625 0.5805555555555556 0.71484375 0.5805555555555556 0.71484375 0.5861111111111111 0.7109375 0.5888888888888889
0 0.540625 0.6305555555555555 0.54296875 0.6430555555555556 0.55078125 0.6486111111111111 0.56953125 0.6486111111111111 0.58359375 0.6402777777777777 0.58671875 0.6263888888888889 0.5859375 0.5930555555555556 0.58125 0.5888888888888889 0.57890625 0.5736111111111111 0.56796875 0.5652777777777778 0.5546875 0.5652777777777778 0.54296875 0.5763888888888888 0.540625 0.5888888888888889 0.540625 0.6305555555555555
0 0.55546875 0.3819444444444444 0.5609375 0.38472222222222224 0.56328125 0.39166666666666666 0.58515625 0.3902777777777778 0.58828125 0.37916666666666665 0.58828125 0.36527777777777776 0.58359375 0.3458333333333333 0.58046875 0.3416666666666667 0.5625 0.3416666666666667 0.55546875 0.35555555555555557 0.55546875 0.3819444444444444
0 0.46953125 0.55 0.48203125 0.5583333333333333 0.49765625 0.5583333333333333 0.50390625 0.5541666666666667 0.50703125 0.5416666666666666 0.5046875 0.49444444444444446 0.49453125 0.48333333333333334 0.4796875 0.48333333333333334 0.46953125 0.4930555555555556 0.46953125 0.55
0 0.603125 0.49583333333333335 0.60546875 0.5069444444444444 0.64296875 0.5083333333333333 0.65703125 0.5027777777777778 0.6546875 0.4638888888888889 0.6453125 0.4486111111111111 0.63828125 0.4486111111111111 0.63359375 0.44305555555555554 0.61796875 0.44305555555555554 0.60546875 0.45555555555555555 0.603125 0.4583333333333333 0.603125 0.49583333333333335
0 0.52109375 0.5291666666666667 0.52109375 0.5583333333333333 0.52578125 0.5666666666666667 0.53203125 0.5708333333333333 0.54765625 0.5708333333333333 0.56015625 0.5666666666666667 0.5609375 0.5597222222222222 0.565625 0.5541666666666667 0.565625 0.5305555555555556 0.5625 0.5277777777777778 0.5609375 0.5180555555555556 0.55546875 0.5166666666666667 0.55390625 0.5111111111111111 0.53203125 0.5055555555555555 0.52421875 0.5180555555555556 0.52421875 0.5263888888888889 0.52109375 0.5291666666666667
0 0.53125 0.40555555555555556 0.53203125 0.44166666666666665 0.546875 0.4486111111111111 0.56015625 0.44166666666666665 0.5671875 0.43194444444444446 0.56640625 0.40694444444444444 0.55703125 0.4 0.5546875 0.39305555555555555 0.5375 0.39305555555555555 0.5375 0.4027777777777778 0.53125 0.40555555555555556
0 0.68046875 0.45555555555555555 0.6984375 0.4527777777777778 0.6984375 0.41805555555555557 0.69453125 0.41805555555555557 0.6859375 0.40555555555555556 0.66796875 0.40694444444444444 0.66796875 0.4444444444444444 0.68046875 0.45555555555555555
0 0.7375 0.5013888888888889 0.753125 0.5166666666666667 0.7703125 0.5152777777777777 0.77578125 0.5 0.7734375 0.45555555555555555 0.7671875 0.44305555555555554 0.75 0.44305555555555554 0.7453125 0.4486111111111111 0.7375 0.4625 0.7375 0.5013888888888889
0 0.56328125 0.3236111111111111 0.58125 0.3375 0.5890625 0.3388888888888889 0.5984375 0.33055555555555555 0.59765625 0.29305555555555557 0.5921875 0.28888888888888886 0.57421875 0.28888888888888886 0.5671875 0.29305555555555557 0.56328125 0.29583333333333334 0.56328125 0.3236111111111111
0 0.63125 0.34444444444444444 0.6484375 0.34444444444444444 0.6609375 0.3388888888888889 0.6609375 0.3138888888888889 0.65859375 0.30694444444444446 0.6546875 0.30277777777777776 0.63671875 0.30416666666666664 0.63125 0.3125 0.63125 0.34444444444444444
0 0.47734375 0.41388888888888886 0.48125 0.41388888888888886 0.50078125 0.37777777777777777 0.503125 0.36527777777777776 0.49453125 0.35138888888888886 0.48046875 0.35 0.465625 0.3736111111111111 0.46796875 0.39444444444444443 0.47734375 0.41388888888888886
0 0.65078125 0.49444444444444446 0.653125 0.5055555555555555 0.6625 0.5152777777777777 0.67578125 0.5138888888888888 0.68359375 0.5055555555555555 0.68671875 0.49583333333333335 0.68671875 0.475 0.6828125 0.4638888888888889 0.66796875 0.4486111111111111 0.6515625 0.4583333333333333 0.653125 0.48194444444444445 0.65078125 0.49444444444444446
0 0.5640625 0.8763888888888889 0.57421875 0.8930555555555556 0.603125 0.8916666666666667 0.6125 0.8861111111111111 0.63046875 0.8416666666666667 0.6296875 0.8125 0.62109375 0.8013888888888889 0.596875 0.8055555555555556 0.57265625 0.8277777777777777 0.56015625 0.8569444444444444 0.5640625 0.8763888888888889
0 0.50390625 0.45416666666666666 0.51796875 0.44583333333333336 0.521875 0.42777777777777776 0.521875 0.4111111111111111 0.5171875 0.39166666666666666 0.5078125 0.38055555555555554 0.50078125 0.37916666666666665 0.49296875 0.3861111111111111 0.4828125 0.4166666666666667 0.4859375 0.4388888888888889 0.50390625 0.45416666666666666
0 0.49765625 0.6541666666666667 0.51640625 0.6541666666666667 0.53125 0.6291666666666667 0.528125 0.575 0.51171875 0.5541666666666667 0.50703125 0.5527777777777778 0.49609375 0.5625 0.48828125 0.5944444444444444 0.4859375 0.6333333333333333 0.49765625 0.6541666666666667