0 0.52265625 0.7597222222222222 0.52421875 0.7680555555555556 0.5296875 0.7722222222222223 0.53203125 0.7805555555555556 0.540625 0.7847222222222222 0.54296875 0.7902777777777777 0.5625 0.7875 0.596875 0.7513888888888889 0.596875 0.7388888888888889 0.5921875 0.7263888888888889 0.5921875 0.7180555555555556 0.58125 0.6930555555555555 0.54453125 0.6944444444444444 0.51953125 0.7180555555555556 0.51953125 0.7583333333333333 0.52265625 0.7597222222222222
0 0.31953125 0.43194444444444446 0.33203125 0.4444444444444444 0.3484375 0.4444444444444444 0.36484375 0.42916666666666664 0.36484375 0.40555555555555556 0.36015625 0.39444444444444443 0.35546875 0.39305555555555555 0.3484375 0.38055555555555554 0.33125 0.38055555555555554 0.31953125 0.39444444444444443 0.31953125 0.43194444444444446
0 0.58359375 0.4152777777777778 0.58359375 0.44166666666666665 0.5921875 0.44722222222222224 0.59453125 0.45416666666666666 0.61640625 0.45416666666666666 0.62578125 0.4375 0.6234375 0.40555555555555556 0.61796875 0.4041666666666667 0.61640625 0.39305555555555555 0.6109375 0.3888888888888889 0.59375 0.3888888888888889 0.58671875 0.4013888888888889 0.5859375 0.41388888888888886 0.58359375 0.4152777777777778
0 0.340625 0.33055555555555555 0.340625 0.3680555555555556 0.34375 0.37083333333333335 0.34453125 0.37777777777777777 0.353125 0.38333333333333336 0.37890625 0.38333333333333336 0.3890625 0.37777777777777777 0.3921875 0.37083333333333335 0.3921875 0.33055555555555555 0.38828125 0.32916666666666666 0.38203125 0.3125 0.3546875 0.3125 0.34375 0.3236111111111111 0.34375 0.32916666666666666 0.340625 0.33055555555555555
0 0.4859375 0.48055555555555557 0.48828125 0.49166666666666664 0.4984375 0.5 0.51328125 0.5 0.51484375 0.49583333333333335 0.52265625 0.49444444444444446 0.5296875 0.48194444444444445 0.5296875 0.45555555555555555 0.5234375 0.4527777777777778 0.5234375 0.44305555555555554 0.51953125 0.44305555555555554 0.51171875 0.43333333333333335 0.496875 0.43333333333333335 0.49296875 0.44166666666666665 0.48828125 0.44305555555555554 0.4859375 0.44583333333333336 0.4859375 0.48055555555555557
0 0.61796875 0.5652777777777778 0.628125 0.5708333333333333 0.63203125 0.5777777777777777 0.64765625 0.5805555555555556 0.65390625 0.5777777777777777 0.6609375 0.5638888888888889 0.6609375 0.5263888888888889 0.64375 0.49444444444444446 0.625 0.4930555555555556 0.61796875 0.5055555555555555 0.6171875 0.5166666666666667 0.6125 0.5194444444444445 0.6109375 0.55 0.61796875 0.5652777777777778
0 0.4671875 0.34305555555555556 0.47265625 0.3416666666666667 0.4796875 0.3486111111111111 0.5046875 0.3486111111111111 0.5171875 0.3388888888888889 0.51953125 0.32916666666666666 0.5171875 0.3013888888888889 0.51328125 0.3 0.5046875 0.2861111111111111 0.4984375 0.28055555555555556 0.47578125 0.28055555555555556 0.4734375 0.2861111111111111 0.46953125 0.2861111111111111 0.4671875 0.28888888888888886 0.4671875 0.34305555555555556
0 0.27578125 0.4652777777777778 0.30625 0.46805555555555556 0.3234375 0.4513888888888889 0.3234375 0.42916666666666664 0.309375 0.40555555555555556 0.28671875 0.40555555555555556 0.28203125 0.4097222222222222 0.275 0.41805555555555557 0.27578125 0.4652777777777778
0 0.40703125 0.3055555555555556 0.41171875 0.30833333333333335 0.41171875 0.31527777777777777 0.42890625 0.31666666666666665 0.434375 0.3125 0.43828125 0.2916666666666667 0.43515625 0.2611111111111111 0.4296875 0.2569444444444444 0.4171875 0.2569444444444444 0.40625 0.26805555555555555 0.4046875 0.29444444444444445 0.40703125 0.3055555555555556
0 0.384375 0.5194444444444445 0.38828125 0.5291666666666667 0.41484375 0.5291666666666667 0.4171875 0.5194444444444445 0.4296875 0.5027777777777778 0.4296875 0.46805555555555556 0.42578125 0.46805555555555556 0.42265625 0.4625 0.4 0.4625 0.38671875 0.475 0.384375 0.48333333333333334 0.384375 0.5194444444444445
0 0.290625 0.6152777777777778 0.30234375 0.625 0.328125 0.6263888888888889 0.34140625 0.6138888888888889 0.3484375 0.6013888888888889 0.3484375 0.5555555555555556 0.34375 0.5513888888888889 0.32421875 0.5513888888888889 0.31484375 0.5555555555555556 0.2953125 0.5736111111111111 0.290625 0.5819444444444445 0.290625 0.6152777777777778
0 0.41171875 0.5291666666666667 0.41328125 0.5736111111111111 0.43125 0.5902777777777778 0.4484375 0.5902777777777778 0.45078125 0.5847222222222223 0.4609375 0.5791666666666667 0.46328125 0.5694444444444444 0.4625 0.5458333333333333 0.4484375 0.5180555555555556 0.41796875 0.5180555555555556 0.4171875 0.5236111111111111 0.41171875 0.5291666666666667
0 0.33359375 0.6819444444444445 0.340625 0.6888888888888889 0.340625 0.6958333333333333 0.33828125 0.6986111111111111 0.33359375 0.6930555555555555 0.33359375 0.7055555555555556 0.3421875 0.7055555555555556 0.3421875 0.6986111111111111 0.35078125 0.7055555555555556 0.3734375 0.7055555555555556 0.3859375 0.6916666666666667 0.3859375 0.6430555555555556 0.38046875 0.6347222222222222 0.3796875 0.6194444444444445 0.3734375 0.6138888888888889 0.37265625 0.6055555555555555 0.3671875 0.6013888888888889 0.34921875 0.6013888888888889 0.3375 0.6138888888888889 0.33359375 0.6194444444444445 0.33359375 0.6819444444444445
0 0.45859375 0.45555555555555555 0.48203125 0.45694444444444443 0.49921875 0.4305555555555556 0.4984375 0.4027777777777778 0.484375 0.3875 0.46796875 0.38472222222222224 0.44609375 0.39861111111111114 0.44921875 0.4375 0.45859375 0.45555555555555555
0 0.44453125 0.35138888888888886 0.46328125 0.3611111111111111 0.47421875 0.34444444444444444 0.46953125 0.2916666666666667 0.4578125 0.2833333333333333 0.45078125 0.2847222222222222 0.4421875 0.29305555555555557 0.43515625 0.30972222222222223 0.4359375 0.3333333333333333 0.44453125 0.35138888888888886
0 0.36953125 0.3125 0.384375 0.31805555555555554 0.3875 0.29305555555555557 0.38125 0.2791666666666667 0.365625 0.2791666666666667 0.3515625 0.3055555555555556 0.35234375 0.31527777777777777 0.36953125 0.3125
0 0.31015625 0.4097222222222222 0.31640625 0.4041666666666667 0.33125 0.375 0.33125 0.36666666666666664 0.325 0.3458333333333333 0.315625 0.3375 0.30703125 0.34444444444444444 0.2921875 0.37222222222222223 0.2921875 0.4013888888888889 0.31015625 0.4097222222222222
0 0.278125 0.6777777777777778 0.3 0.7138888888888889 0.32734375 0.7208333333333333 0.34296875 0.7069444444444445 0.3453125 0.6680555555555555 0.340625 0.6666666666666666 0.33359375 0.6361111111111111 0.33046875 0.6333333333333333 0.28515625 0.6263888888888889 0.27578125 0.6333333333333333 0.271875 0.6458333333333334 0.271875 0.6625 0.278125 0.6777777777777778
0 0.54921875 0.6944444444444444 0.58671875 0.6916666666666667 0.60078125 0.675 0.60390625 0.65 0.59765625 0.6291666666666667 0.57734375 0.6166666666666667 0.56015625 0.6208333333333333 0.53515625 0.6444444444444445 0.53359375 0.6694444444444444 0.54921875 0.6944444444444444
0 0.45546875 0.5291666666666667 0.46640625 0.5277777777777778 0.47734375 0.5083333333333333 0.4765625 0.49444444444444446 0.46328125 0.46805555555555556 0.45546875 0.4652777777777778 0.43828125 0.48194444444444445 0.43828125 0.5041666666666667 0.45546875 0.5291666666666667