0 0.415625 0.7513888888888889 0.44296875 0.7513888888888889 0.446875 0.7458333333333333 0.4609375 0.7402777777777778 0.46015625 0.7111111111111111 0.45703125 0.7111111111111111 0.4484375 0.6944444444444444 0.4484375 0.6805555555555556 0.44296875 0.6791666666666667 0.4390625 0.6680555555555555 0.41796875 0.6680555555555555 0.40625 0.6875 0.4046875 0.7375 0.415625 0.7513888888888889
0 0.4234375 0.8222222222222222 0.42578125 0.8291666666666667 0.440625 0.8333333333333334 0.44453125 0.8402777777777778 0.4546875 0.8402777777777778 0.45859375 0.8333333333333334 0.46640625 0.8305555555555556 0.4734375 0.8194444444444444 0.47421875 0.8097222222222222 0.4796875 0.8027777777777778 0.4796875 0.7680555555555556 0.47421875 0.7666666666666667 0.4671875 0.7555555555555555 0.46015625 0.7513888888888889 0.42578125 0.7513888888888889 0.41796875 0.7569444444444444 0.4171875 0.8180555555555555 0.4234375 0.8222222222222222
0 0.51328125 0.4305555555555556 0.51328125 0.4583333333333333 0.52578125 0.4791666666666667 0.54765625 0.4791666666666667 0.5484375 0.4708333333333333 0.55234375 0.4666666666666667 0.55234375 0.44305555555555554 0.5484375 0.4388888888888889 0.5484375 0.4305555555555556 0.54296875 0.42916666666666664 0.54140625 0.41805555555555557 0.51875 0.41805555555555557 0.51875 0.4263888888888889 0.51328125 0.4305555555555556
0 0.465625 0.32083333333333336 0.47109375 0.32916666666666666 0.478125 0.3277777777777778 0.48828125 0.31666666666666665 0.49765625 0.31666666666666665 0.503125 0.30694444444444446 0.503125 0.29305555555555557 0.496875 0.28194444444444444 0.47578125 0.28194444444444444 0.46953125 0.2861111111111111 0.465625 0.29305555555555557 0.465625 0.32083333333333336
0 0.4875 0.5166666666666667 0.5046875 0.5152777777777777 0.50703125 0.5083333333333333 0.50703125 0.4861111111111111 0.5046875 0.48194444444444445 0.5046875 0.46805555555555556 0.49921875 0.4652777777777778 0.4984375 0.45555555555555555 0.48046875 0.45555555555555555 0.47265625 0.46805555555555556 0.46953125 0.46805555555555556 0.46953125 0.5055555555555555 0.4875 0.5166666666666667
0 0.57734375 0.32083333333333336 0.5859375 0.3333333333333333 0.58671875 0.3402777777777778 0.5984375 0.34444444444444444 0.60859375 0.3402777777777778 0.6109375 0.3333333333333333 0.6109375 0.30416666666666664 0.6046875 0.29305555555555557 0.58359375 0.2916666666666667 0.57734375 0.29305555555555557 0.57734375 0.32083333333333336
0 0.55234375 0.37083333333333335 0.55546875 0.37777777777777777 0.56328125 0.38333333333333336 0.57890625 0.38333333333333336 0.58203125 0.36944444444444446 0.5796875 0.34305555555555556 0.5734375 0.3402777777777778 0.5734375 0.33055555555555555 0.5609375 0.33055555555555555 0.55546875 0.33611111111111114 0.55234375 0.34305555555555556 0.55234375 0.37083333333333335
0 0.51328125 0.4083333333333333 0.54140625 0.4083333333333333 0.5484375 0.4027777777777778 0.5484375 0.38333333333333336 0.5421875 0.37777777777777777 0.5421875 0.3680555555555556 0.5359375 0.35555555555555557 0.52421875 0.35555555555555557 0.52265625 0.36527777777777776 0.51171875 0.3763888888888889 0.5109375 0.4027777777777778 0.51328125 0.4083333333333333
0 0.41796875 0.5138888888888888 0.41796875 0.5527777777777778 0.42421875 0.5569444444444445 0.42578125 0.5666666666666667 0.44765625 0.5666666666666667 0.45078125 0.5583333333333333 0.4609375 0.5527777777777778 0.4609375 0.5430555555555555 0.4671875 0.5319444444444444 0.46875 0.5138888888888888 0.46875 0.49583333333333335 0.465625 0.48055555555555557 0.44296875 0.4777777777777778 0.42578125 0.5 0.425 0.5055555555555555 0.41796875 0.5138888888888888
0 0.64609375 0.39166666666666666 0.65625 0.39305555555555555 0.6625 0.39166666666666666 0.6671875 0.38333333333333336 0.6671875 0.35555555555555557 0.66328125 0.35555555555555557 0.65703125 0.3458333333333333 0.63828125 0.3486111111111111 0.63671875 0.3819444444444444 0.64609375 0.39166666666666666
0 0.471875 0.36944444444444446 0.48125 0.38472222222222224 0.48828125 0.3902777777777778 0.49375 0.3902777777777778 0.4984375 0.3888888888888889 0.503125 0.3819444444444444 0.50859375 0.36527777777777776 0.509375 0.3527777777777778 0.50625 0.3333333333333333 0.5015625 0.32083333333333336 0.49609375 0.31805555555555554 0.48671875 0.3194444444444444 0.47265625 0.33611111111111114 0.47109375 0.3486111111111111 0.471875 0.36944444444444446
0 0.44609375 0.4722222222222222 0.45703125 0.46805555555555556 0.46640625 0.45 0.46328125 0.4111111111111111 0.4578125 0.4027777777777778 0.44375 0.3972222222222222 0.43515625 0.4027777777777778 0.4265625 0.4375 0.42734375 0.45694444444444443 0.44609375 0.4722222222222222
0 0.60546875 0.5458333333333333 0.6171875 0.5597222222222222 0.63359375 0.5597222222222222 0.63828125 0.5527777777777778 0.63984375 0.5388888888888889 0.6390625 0.5180555555555556 0.63359375 0.5013888888888889 0.62421875 0.49027777777777776 0.6109375 0.49444444444444446 0.61328125 0.5083333333333333 0.60546875 0.5458333333333333
0 0.5640625 0.5166666666666667 0.59921875 0.5402777777777777 0.60625 0.5388888888888889 0.61015625 0.5319444444444444 0.61328125 0.5152777777777777 0.6109375 0.49444444444444446 0.59140625 0.4625 0.57265625 0.4583333333333333 0.56015625 0.4791666666666667 0.5578125 0.49583333333333335 0.5640625 0.5166666666666667
0 0.65078125 0.5194444444444445 0.6671875 0.5236111111111111 0.671875 0.5138888888888888 0.67265625 0.5 0.66328125 0.46805555555555556 0.64921875 0.4666666666666667 0.6421875 0.4847222222222222 0.64296875 0.5055555555555555 0.65078125 0.5194444444444445
0 0.69921875 0.6277777777777778 0.71484375 0.6375 0.72734375 0.6194444444444445 0.7296875 0.5944444444444444 0.725 0.5652777777777778 0.7203125 0.5569444444444445 0.69921875 0.5625 0.69296875 0.5819444444444445 0.6953125 0.6166666666666667 0.69921875 0.6277777777777778
0 0.63046875 0.7222222222222222 0.64765625 0.7305555555555555 0.6671875 0.7055555555555556 0.66875 0.6708333333333333 0.66171875 0.6597222222222222 0.64921875 0.6583333333333333 0.6296875 0.6736111111111112 0.62265625 0.6888888888888889 0.62265625 0.7027777777777777 0.63046875 0.7222222222222222
0 0.5640625 0.6111111111111112 0.575 0.6152777777777778 0.6 0.6013888888888889 0.60390625 0.5597222222222222 0.59609375 0.5430555555555555 0.58203125 0.5319444444444444 0.571875 0.5319444444444444 0.55 0.55 0.54921875 0.5708333333333333 0.5640625 0.6111111111111112
0 0.4734375 0.6013888888888889 0.49453125 0.6069444444444444 0.5046875 0.5944444444444444 0.50859375 0.5805555555555556 0.50703125 0.5430555555555555 0.50078125 0.525 0.49453125 0.5180555555555556 0.484375 0.5166666666666667 0.475 0.5222222222222223 0.46328125 0.5555555555555556 0.4640625 0.5847222222222223 0.4734375 0.6013888888888889