0 0.5 0.36666666666666664 0.51328125 0.375 0.525 0.37222222222222223 0.5265625 0.35833333333333334 0.51796875 0.3416666666666667 0.50625 0.3375 0.49765625 0.3472222222222222 0.496875 0.3597222222222222 0.5 0.36666666666666664
0 0.4796875 0.3736111111111111 0.490625 0.37083333333333335 0.49140625 0.35138888888888886 0.478125 0.3263888888888889 0.46640625 0.325 0.45859375 0.3375 0.46015625 0.35833333333333334 0.4796875 0.3736111111111111
0 0.4390625 0.36944444444444446 0.44609375 0.3680555555555556 0.45625 0.35555555555555557 0.45703125 0.3416666666666667 0.44921875 0.3333333333333333 0.4328125 0.33055555555555555 0.4265625 0.3347222222222222 0.425 0.3458333333333333 0.4390625 0.36944444444444446
0 0.64765625 0.5875 0.6578125 0.5972222222222222 0.67109375 0.5986111111111111 0.69296875 0.5611111111111111 0.69453125 0.5472222222222223 0.6859375 0.5347222222222222 0.67421875 0.5333333333333333 0.6578125 0.5388888888888889 0.64296875 0.5569444444444445 0.640625 0.5708333333333333 0.64765625 0.5875
0 0.51796875 0.7805555555555556 0.5546875 0.7736111111111111 0.5671875 0.7583333333333333 0.56171875 0.7361111111111112 0.54609375 0.725 0.52421875 0.7263888888888889 0.50859375 0.7472222222222222 0.50859375 0.7625 0.51796875 0.7805555555555556
0 0.396875 0.5722222222222222 0.4109375 0.5805555555555556 0.4296875 0.5736111111111111 0.44609375 0.5541666666666667 0.446875 0.5458333333333333 0.440625 0.5236111111111111 0.41640625 0.5222222222222223 0.390625 0.55 0.390625 0.5597222222222222 0.396875 0.5722222222222222
0 0.4046875 0.5152777777777777 0.4109375 0.5208333333333334 0.44375 0.5208333333333334 0.44921875 0.5166666666666667 0.45859375 0.49583333333333335 0.4546875 0.48194444444444445 0.4484375 0.475 0.4328125 0.46944444444444444 0.40625 0.4722222222222222 0.396875 0.4861111111111111 0.396875 0.49722222222222223 0.4046875 0.5152777777777777
0 0.4296875 0.4625 0.44140625 0.46944444444444444 0.4609375 0.46944444444444444 0.46328125 0.4652777777777778 0.465625 0.45 0.46328125 0.4236111111111111 0.453125 0.4041666666666667 0.4453125 0.4013888888888889 0.4234375 0.42916666666666664 0.42265625 0.44305555555555554 0.4296875 0.4625
0 0.4625 0.4166666666666667 0.47578125 0.4166666666666667 0.484375 0.40694444444444444 0.48515625 0.3819444444444444 0.46875 0.36527777777777776 0.45546875 0.3638888888888889 0.4453125 0.375 0.44609375 0.3972222222222222 0.4625 0.4166666666666667
0 0.41171875 0.39166666666666666 0.42265625 0.39444444444444443 0.43828125 0.3763888888888889 0.43515625 0.3625 0.421875 0.3472222222222222 0.40546875 0.3375 0.38984375 0.3458333333333333 0.38984375 0.3597222222222222 0.41171875 0.39166666666666666
0 0.36875 0.39305555555555555 0.384375 0.4152777777777778 0.3984375 0.4125 0.4046875 0.39444444444444443 0.39765625 0.37222222222222223 0.37578125 0.3680555555555556 0.36796875 0.375 0.365625 0.38333333333333336 0.36875 0.39305555555555555
0 0.33984375 0.4263888888888889 0.34765625 0.4444444444444444 0.3734375 0.4513888888888889 0.3875 0.43194444444444446 0.38671875 0.425 0.371875 0.4041666666666667 0.36484375 0.4 0.3453125 0.4041666666666667 0.33984375 0.41388888888888886 0.33984375 0.4263888888888889
0 0.3203125 0.4652777777777778 0.34375 0.4444444444444444 0.33828125 0.4222222222222222 0.33203125 0.4166666666666667 0.32109375 0.41805555555555557 0.309375 0.4361111111111111 0.309375 0.44583333333333336 0.3203125 0.4652777777777778
0 0.3296875 0.41388888888888886 0.33671875 0.41388888888888886 0.35651015625000004 0.39861111111111114 0.36953125 0.4 0.36484375 0.38472222222222224 0.3546875 0.37916666666666665 0.33828125 0.37777777777777777 0.3265625 0.38333333333333336 0.32578125 0.40694444444444444 0.3296875 0.41388888888888886
0 0.29609375 0.4791666666666667 0.309375 0.49444444444444446 0.31484375 0.49166666666666664 0.31875 0.4708333333333333 0.3109375 0.45 0.29375 0.4375 0.2859375 0.44305555555555554 0.27890625 0.4597222222222222 0.28046875 0.48055555555555557 0.29609375 0.4791666666666667
0 0.32421875 0.5013888888888889 0.34296875 0.49583333333333335 0.35546875 0.5041666666666667 0.37265625 0.48333333333333334 0.37109375 0.4597222222222222 0.35625 0.44722222222222224 0.33359375 0.45416666666666666 0.31953125 0.4708333333333333 0.3171875 0.4875 0.32421875 0.5013888888888889
0 0.3875 0.4847222222222222 0.396875 0.4847222222222222 0.40078125 0.475 0.4171875 0.4666666666666667 0.4125 0.44583333333333336 0.4046875 0.43472222222222223 0.39296875 0.43472222222222223 0.37890625 0.4486111111111111 0.3796875 0.4708333333333333 0.3875 0.4847222222222222
0 0.309375 0.5430555555555555 0.3234375 0.5597222222222222 0.3484375 0.5527777777777778 0.3578125 0.5361111111111111 0.35625 0.5111111111111111 0.34296875 0.49722222222222223 0.32421875 0.5069444444444444 0.3125 0.5236111111111111 0.30859375 0.5319444444444444 0.309375 0.5430555555555555
0 0.27734375 0.525 0.28828125 0.5361111111111111 0.3046875 0.5319444444444444 0.3109375 0.5013888888888889 0.30390625 0.4861111111111111 0.29453125 0.4791666666666667 0.27890625 0.4875 0.27109375 0.5013888888888889 0.2703125 0.5083333333333333 0.27734375 0.525