0 0.36484375 0.5319444444444444 0.37421875 0.5347222222222222 0.3984375 0.5208333333333334 0.409375 0.5027777777777778 0.40234375 0.48333333333333334 0.38671875 0.48055555555555557 0.371875 0.4861111111111111 0.35546875 0.5055555555555555 0.35546875 0.5138888888888888 0.36484375 0.5319444444444444
0 0.37265625 0.48333333333333334 0.41015625 0.4847222222222222 0.4234375 0.46805555555555556 0.41875 0.4527777777777778 0.41015625 0.4444444444444444 0.37734375 0.4444444444444444 0.36953125 0.45555555555555555 0.3671875 0.4708333333333333 0.37265625 0.48333333333333334
0 0.41796875 0.45 0.4296875 0.44722222222222224 0.4375 0.42916666666666664 0.4328125 0.4027777777777778 0.421875 0.39166666666666666 0.4046875 0.4027777777777778 0.39609375 0.41805555555555557 0.396875 0.43472222222222223 0.41796875 0.45
0 0.5046875 0.3763888888888889 0.51640625 0.37777777777777777 0.52265625 0.36666666666666664 0.521875 0.3472222222222222 0.51015625 0.33055555555555555 0.49921875 0.3333333333333333 0.4921875 0.34444444444444444 0.496875 0.36527777777777776 0.5046875 0.3763888888888889
0 0.45234375 0.375 0.465625 0.36666666666666664 0.46015625 0.35 0.45 0.3402777777777778 0.4390625 0.34444444444444444 0.43359375 0.35555555555555557 0.434375 0.3625 0.45234375 0.375
0 0.39296875 0.4027777777777778 0.403125 0.4027777777777778 0.415625 0.3888888888888889 0.415625 0.375 0.3984375 0.3611111111111111 0.37734375 0.35555555555555557 0.3703125 0.36666666666666664 0.37109375 0.38055555555555554 0.39296875 0.4027777777777778
0 0.415625 0.37222222222222223 0.43125 0.3638888888888889 0.4296875 0.3541666666666667 0.42109375 0.3486111111111111 0.409375 0.3486111111111111 0.40234375 0.35555555555555557 0.40390625 0.3638888888888889 0.415625 0.37222222222222223
0 0.4328125 0.4 0.43671875 0.4125 0.4453125 0.4111111111111111 0.45703125 0.3958333333333333 0.4546875 0.3763888888888889 0.43828125 0.36666666666666664 0.42421875 0.3680555555555556 0.4203125 0.375 0.41953125 0.3888888888888889 0.4328125 0.4
0 0.3640625 0.4222222222222222 0.37265625 0.4222222222222222 0.38515625 0.4041666666666667 0.3828125 0.39305555555555555 0.371875 0.38333333333333336 0.3515625 0.39166666666666666 0.35078125 0.4013888888888889 0.3640625 0.4222222222222222
0 0.2921875 0.525 0.30625 0.5277777777777778 0.328125 0.5111111111111111 0.33203125 0.49166666666666664 0.31875 0.4736111111111111 0.31328125 0.4722222222222222 0.3015625 0.47638888888888886 0.2921875 0.49583333333333335 0.28828125 0.5083333333333333 0.2921875 0.525
0 0.28515625 0.4666666666666667 0.296875 0.475 0.2984375 0.45 0.29296875 0.44305555555555554 0.278125 0.4388888888888889 0.26875 0.4527777777777778 0.26875 0.4652777777777778 0.28515625 0.4666666666666667
0 0.2625 0.5069444444444444 0.28203125 0.5125 0.28671875 0.5083333333333333 0.29609375 0.48055555555555557 0.28359375 0.4666666666666667 0.26875 0.4652777777777778 0.25859375 0.48194444444444445 0.2578125 0.4930555555555556 0.2625 0.5069444444444444
0 0.3171875 0.4708333333333333 0.3296875 0.48333333333333334 0.3421875 0.4777777777777778 0.3515625 0.4652777777777778 0.34609375 0.44722222222222224 0.32578125 0.4388888888888889 0.30859375 0.44305555555555554 0.30078125 0.4513888888888889 0.30390625 0.4708333333333333 0.3171875 0.4708333333333333
0 0.35546875 0.45555555555555555 0.359375 0.4583333333333333 0.3625 0.4638888888888889 0.36484375 0.4638888888888889 0.365625 0.4652777777777778 0.3671875 0.46111111111111114 0.3671875 0.4513888888888889 0.3703125 0.4444444444444444 0.37265625 0.4444444444444444 0.378125 0.44027777777777777 0.38515625 0.44027777777777777 0.38671875 0.4388888888888889 0.38359375 0.43194444444444446 0.38046875 0.42777777777777776 0.3765625 0.425 0.36328125 0.425 0.3609375 0.4263888888888889 0.359375 0.42916666666666664 0.35703125 0.4305555555555556 0.35390625 0.4388888888888889 0.35234375 0.44583333333333336 0.35546875 0.45555555555555555
0 0.29453125 0.44166666666666665 0.3 0.4486111111111111 0.303125 0.4486111111111111 0.3171875 0.4388888888888889 0.32734375 0.4388888888888889 0.328125 0.4375 0.321875 0.4236111111111111 0.31796875 0.42083333333333334 0.309375 0.42083333333333334 0.30546875 0.4236111111111111 0.30078125 0.4305555555555556 0.2984375 0.43194444444444446 0.29453125 0.4388888888888889 0.29453125 0.44166666666666665
0 0.32421875 0.42777777777777776 0.32578125 0.42916666666666664 0.328125 0.43472222222222223 0.3359375 0.4361111111111111 0.3453125 0.4444444444444444 0.35078125 0.4444444444444444 0.3515625 0.44583333333333336 0.353125 0.44305555555555554 0.3546875 0.43472222222222223 0.359375 0.4263888888888889 0.359375 0.42083333333333334 0.3515625 0.40555555555555556 0.3484375 0.40555555555555556 0.3453125 0.4027777777777778 0.3390625 0.40555555555555556 0.33828125 0.4083333333333333 0.33515625 0.40694444444444444 0.3296875 0.4111111111111111 0.32421875 0.41805555555555557 0.3234375 0.41944444444444445 0.32421875 0.42777777777777776
0 0.31328125 0.4166666666666667 0.31953125 0.42083333333333334 0.32265625 0.42083333333333334 0.328125 0.41805555555555557 0.33125 0.4125 0.33984375 0.40694444444444444 0.3421875 0.40694444444444444 0.34296875 0.40555555555555556 0.35 0.40694444444444444 0.3515625 0.40555555555555556 0.34921875 0.39305555555555555 0.346875 0.39166666666666666 0.33515625 0.39166666666666666 0.3234375 0.39444444444444443 0.32265625 0.3958333333333333 0.3171875 0.3972222222222222 0.3125 0.4013888888888889 0.31171875 0.4083333333333333 0.31328125 0.4166666666666667
0 0.46015625 0.38472222222222224 0.4640625 0.3958333333333333 0.46796875 0.4 0.48046875 0.4 0.49140625 0.39444444444444443 0.49921875 0.3875 0.5015625 0.3819444444444444 0.5015625 0.3763888888888889 0.49921875 0.3736111111111111 0.48359375 0.3625 0.4828125 0.3638888888888889 0.47890625 0.3638888888888889 0.478125 0.3625 0.4734375 0.3638888888888889 0.4625 0.375 0.46015625 0.37916666666666665 0.46015625 0.38472222222222224
0 0.46796875 0.36527777777777776 0.46953125 0.3680555555555556 0.471875 0.36666666666666664 0.47265625 0.3638888888888889 0.4796875 0.3638888888888889 0.48046875 0.3625 0.48359375 0.3625 0.48671875 0.36527777777777776 0.49140625 0.36666666666666664 0.49375 0.36944444444444446 0.49609375 0.36944444444444446 0.496875 0.37083333333333335 0.4984375 0.36944444444444446 0.49765625 0.36666666666666664 0.49765625 0.3625 0.49375 0.3527777777777778 0.48984375 0.3472222222222222 0.48671875 0.3472222222222222 0.484375 0.34444444444444444 0.47421875 0.34444444444444444 0.47265625 0.3458333333333333 0.46875 0.3527777777777778 0.46796875 0.35555555555555557 0.46796875 0.36527777777777776