0 0.60078125 0.4444444444444444 0.61171875 0.4527777777777778 0.6328125 0.45694444444444443 0.6453125 0.4375 0.64375 0.41805555555555557 0.63203125 0.4097222222222222 0.6109375 0.4097222222222222 0.60078125 0.41944444444444445 0.5984375 0.42777777777777776 0.60078125 0.4444444444444444
0 0.66484375 0.5444444444444444 0.68515625 0.5444444444444444 0.69296875 0.525 0.690625 0.5111111111111111 0.67890625 0.5 0.66015625 0.5194444444444445 0.66015625 0.5347222222222222 0.66484375 0.5444444444444444
0 0.66484375 0.6166666666666667 0.68125 0.6097222222222223 0.6890625 0.5916666666666667 0.690625 0.5625 0.68359375 0.55 0.66640625 0.55 0.65390625 0.5638888888888889 0.65390625 0.5805555555555556 0.66484375 0.6166666666666667
0 0.5953125 0.5527777777777778 0.60546875 0.5611111111111111 0.6140625 0.5611111111111111 0.62890625 0.5430555555555555 0.63203125 0.5263888888888889 0.6265625 0.5152777777777777 0.61640625 0.5111111111111111 0.59609375 0.525 0.590625 0.5347222222222222 0.58984375 0.5444444444444444 0.5953125 0.5527777777777778
0 0.45 0.5666666666666667 0.47734375 0.5736111111111111 0.5015625 0.5486111111111112 0.5046875 0.5291666666666667 0.49375 0.5041666666666667 0.4796875 0.4986111111111111 0.46015625 0.5125 0.4484375 0.5305555555555556 0.4453125 0.5430555555555555 0.4453125 0.5583333333333333 0.45 0.5666666666666667
0 0.303125 0.4597222222222222 0.309375 0.46944444444444444 0.31640625 0.4708333333333333 0.32578125 0.46805555555555556 0.3296875 0.44722222222222224 0.3453125 0.4388888888888889 0.34609375 0.4305555555555556 0.34140625 0.41805555555555557 0.3296875 0.4166666666666667 0.30859375 0.425 0.3015625 0.4388888888888889 0.3 0.4513888888888889 0.303125 0.4597222222222222
0 0.32734375 0.4597222222222222 0.3296875 0.4666666666666667 0.33046875 0.475 0.3375 0.4888888888888889 0.340625 0.49166666666666664 0.3484375 0.5041666666666667 0.35546875 0.5069444444444444 0.36015625 0.5055555555555555 0.3671875 0.49722222222222223 0.36796875 0.4777777777777778 0.3625 0.4638888888888889 0.36015625 0.4527777777777778 0.35703125 0.44722222222222224 0.3484375 0.44166666666666665 0.340625 0.44166666666666665 0.33359375 0.4444444444444444 0.32890625 0.45 0.32734375 0.4527777777777778 0.32734375 0.4597222222222222
0 0.5453125 0.6305555555555555 0.56015625 0.6402777777777777 0.57109375 0.6375 0.58984375 0.6208333333333333 0.5953125 0.6041666666666666 0.5953125 0.5902777777777778 0.58359375 0.5777777777777777 0.565625 0.5777777777777777 0.54296875 0.5902777777777778 0.534375 0.6041666666666666 0.53359375 0.6097222222222223 0.5453125 0.6305555555555555
0 0.61953125 0.6027777777777777 0.6296875 0.6222222222222222 0.65078125 0.625 0.66328125 0.6138888888888889 0.66328125 0.5972222222222222 0.64921875 0.5625 0.61796875 0.5652777777777778 0.603125 0.5847222222222223 0.6046875 0.5972222222222222 0.61953125 0.6027777777777777
0 0.5890625 0.6625 0.60703125 0.6708333333333333 0.62421875 0.6541666666666667 0.628125 0.6277777777777778 0.6203125 0.6041666666666666 0.60625 0.5986111111111111 0.59375 0.6166666666666667 0.584375 0.6402777777777777 0.58359375 0.6513888888888889 0.5890625 0.6625
0 0.61484375 0.7208333333333333 0.625 0.7208333333333333 0.646875 0.7111111111111111 0.66171875 0.6888888888888889 0.66328125 0.6805555555555556 0.6515625 0.6513888888888889 0.64296875 0.6486111111111111 0.60546875 0.6736111111111112 0.59765625 0.6930555555555555 0.6 0.7069444444444445 0.61484375 0.7208333333333333
0 0.5359375 0.6833333333333333 0.54765625 0.7097222222222223 0.55703125 0.7125 0.56875 0.6986111111111111 0.5703125 0.6708333333333333 0.55859375 0.6472222222222223 0.54296875 0.6430555555555556 0.53515625 0.6708333333333333 0.5359375 0.6833333333333333
0 0.5078125 0.6652777777777777 0.52734375 0.6680555555555555 0.5375 0.6597222222222222 0.54375 0.6263888888888889 0.5328125 0.6111111111111112 0.52421875 0.6111111111111112 0.50703125 0.6222222222222222 0.5 0.6333333333333333 0.50078125 0.65 0.5078125 0.6652777777777777
0 0.51640625 0.7736111111111111 0.52265625 0.7819444444444444 0.55390625 0.7791666666666667 0.5671875 0.7638888888888888 0.565625 0.7416666666666667 0.5578125 0.7263888888888889 0.53671875 0.725 0.51640625 0.7361111111111112 0.5109375 0.75 0.51640625 0.7736111111111111
0 0.46171875 0.7888888888888889 0.5046875 0.7902777777777777 0.5125 0.7819444444444444 0.51171875 0.7638888888888888 0.503125 0.7486111111111111 0.475 0.7402777777777778 0.4515625 0.7486111111111111 0.4515625 0.775 0.46171875 0.7888888888888889
0 0.38671875 0.7722222222222223 0.41875 0.7819444444444444 0.4265625 0.7777777777777778 0.43046875 0.7694444444444445 0.43125 0.7472222222222222 0.41171875 0.7319444444444444 0.390625 0.7319444444444444 0.37734375 0.7472222222222222 0.37890625 0.7638888888888888 0.38671875 0.7722222222222223
0 0.40390625 0.7291666666666666 0.4265625 0.7375 0.4359375 0.725 0.43984375 0.7111111111111111 0.43671875 0.6902777777777778 0.43203125 0.6847222222222222 0.4109375 0.6791666666666667 0.4 0.6902777777777778 0.39921875 0.7152777777777778 0.40390625 0.7291666666666666
0 0.440625 0.7041666666666667 0.45703125 0.7083333333333334 0.49765625 0.6777777777777778 0.49921875 0.6583333333333333 0.49765625 0.6458333333333334 0.490625 0.6319444444444444 0.47734375 0.6263888888888889 0.4625 0.6333333333333333 0.43828125 0.6722222222222223 0.4359375 0.6847222222222222 0.440625 0.7041666666666667
0 0.4734375 0.7263888888888889 0.48671875 0.7388888888888889 0.5015625 0.7402777777777778 0.51171875 0.7347222222222223 0.521875 0.7263888888888889 0.5265625 0.7152777777777778 0.52578125 0.7069444444444445 0.51171875 0.6875 0.48671875 0.6875 0.47421875 0.6986111111111111 0.47578125 0.7166666666666667 0.4734375 0.7263888888888889