0 0.51875 0.5708333333333333 0.53828125 0.5777777777777777 0.56171875 0.5638888888888889 0.56953125 0.5527777777777778 0.575 0.5347222222222222 0.5640625 0.5152777777777777 0.553125 0.5125 0.53359375 0.525 0.5171875 0.5472222222222223 0.515625 0.5597222222222222 0.51875 0.5708333333333333
0 0.53515625 0.5152777777777777 0.5625 0.5097222222222222 0.5671875 0.5 0.5640625 0.4666666666666667 0.553125 0.4513888888888889 0.53984375 0.4597222222222222 0.528125 0.48194444444444445 0.52890625 0.5083333333333333 0.53515625 0.5152777777777777
0 0.4828125 0.49722222222222223 0.490625 0.5055555555555555 0.51484375 0.5013888888888889 0.5234375 0.48333333333333334 0.521875 0.4625 0.515625 0.45555555555555555 0.49921875 0.4527777777777778 0.48046875 0.4666666666666667 0.47890625 0.4847222222222222 0.4828125 0.49722222222222223
0 0.43515625 0.4875 0.4546875 0.4722222222222222 0.46640625 0.4736111111111111 0.475 0.48194444444444445 0.48046875 0.46111111111111114 0.4765625 0.44583333333333336 0.4671875 0.44305555555555554 0.44609375 0.44305555555555554 0.43203125 0.45416666666666666 0.42890625 0.4736111111111111 0.43515625 0.4875
0 0.43359375 0.5152777777777777 0.4484375 0.5347222222222222 0.46953125 0.5263888888888889 0.47734375 0.5111111111111111 0.47421875 0.4847222222222222 0.46484375 0.4736111111111111 0.45 0.475 0.4328125 0.49444444444444446 0.43125 0.5083333333333333 0.43359375 0.5152777777777777
0 0.40703125 0.4777777777777778 0.425 0.47638888888888886 0.43046875 0.4652777777777778 0.43125 0.45 0.42265625 0.4361111111111111 0.4109375 0.43472222222222223 0.39921875 0.44583333333333336 0.3984375 0.4625 0.40703125 0.4777777777777778
0 0.45234375 0.4375 0.4734375 0.4444444444444444 0.47734375 0.44305555555555554 0.48125 0.425 0.475 0.4111111111111111 0.46640625 0.4041666666666667 0.4578125 0.40555555555555556 0.44765625 0.41944444444444445 0.446875 0.42777777777777776 0.45234375 0.4375
0 0.48671875 0.4583333333333333 0.49765625 0.4527777777777778 0.51953125 0.45555555555555555 0.521875 0.45 0.52109375 0.4361111111111111 0.50546875 0.41944444444444445 0.48515625 0.4236111111111111 0.47890625 0.43472222222222223 0.4796875 0.44722222222222224 0.48671875 0.4583333333333333
0 0.52890625 0.43333333333333335 0.54921875 0.44305555555555554 0.5640625 0.4388888888888889 0.56640625 0.41805555555555557 0.54375 0.38333333333333336 0.5328125 0.38055555555555554 0.521875 0.39444444444444443 0.52109375 0.4166666666666667 0.52890625 0.43333333333333335
0 0.5859375 0.4236111111111111 0.5984375 0.42083333333333334 0.603125 0.40555555555555556 0.603125 0.39444444444444443 0.59375 0.3819444444444444 0.5765625 0.37777777777777777 0.5671875 0.3875 0.56953125 0.40694444444444444 0.5859375 0.4236111111111111
0 0.5671875 0.38055555555555554 0.57421875 0.3763888888888889 0.59609375 0.37777777777777777 0.596875 0.35694444444444445 0.59375 0.3472222222222222 0.57421875 0.3458333333333333 0.56796875 0.35 0.565625 0.3625 0.5671875 0.38055555555555554
0 0.53359375 0.37916666666666665 0.54921875 0.3875 0.5578125 0.3875 0.56484375 0.38055555555555554 0.565625 0.3472222222222222 0.54453125 0.3458333333333333 0.528125 0.3541666666666667 0.52578125 0.36527777777777776 0.53359375 0.37916666666666665
0 0.465625 0.38333333333333336 0.475 0.3875 0.4890625 0.38055555555555554 0.4890625 0.36944444444444446 0.4828125 0.35555555555555557 0.4703125 0.35138888888888886 0.4625 0.35694444444444445 0.459375 0.37083333333333335 0.465625 0.38333333333333336
0 0.375 0.4111111111111111 0.38984375 0.425 0.4125 0.4236111111111111 0.42109375 0.4111111111111111 0.4203125 0.39444444444444443 0.4125 0.38472222222222224 0.3796875 0.3819444444444444 0.3703125 0.39305555555555555 0.36953125 0.4 0.375 0.4111111111111111
0 0.36484375 0.44583333333333336 0.38125 0.4388888888888889 0.38515625 0.43194444444444446 0.38125 0.4166666666666667 0.36953125 0.4097222222222222 0.3609375 0.41388888888888886 0.35546875 0.4236111111111111 0.35546875 0.4375 0.36484375 0.44583333333333336
0 0.29296875 0.49722222222222223 0.31796875 0.5013888888888889 0.3265625 0.49166666666666664 0.31953125 0.46944444444444444 0.31015625 0.4583333333333333 0.29765625 0.45555555555555555 0.2875 0.4638888888888889 0.28671875 0.4722222222222222 0.29296875 0.49722222222222223
0 0.28671875 0.6611111111111111 0.29765625 0.6652777777777777 0.31015625 0.65 0.31015625 0.6333333333333333 0.29609375 0.6111111111111112 0.28046875 0.6069444444444444 0.27265625 0.6125 0.27265625 0.6375 0.28671875 0.6611111111111111
0 0.296875 0.5638888888888889 0.31015625 0.5722222222222222 0.3375 0.5680555555555555 0.34765625 0.5527777777777778 0.3390625 0.5305555555555556 0.31484375 0.5152777777777777 0.29296875 0.5180555555555556 0.28203125 0.5361111111111111 0.28203125 0.5416666666666666 0.296875 0.5638888888888889
0 0.284375 0.5402777777777777 0.29140625 0.5263888888888889 0.31484375 0.5166666666666667 0.315625 0.5041666666666667 0.29453125 0.4986111111111111 0.28359375 0.5027777777777778 0.2765625 0.5138888888888888 0.27578125 0.5333333333333333 0.284375 0.5402777777777777