0 0.57265625 0.41388888888888886 0.596875 0.4111111111111111 0.6109375 0.39166666666666666 0.6109375 0.38472222222222224 0.59921875 0.37083333333333335 0.58046875 0.36944444444444446 0.565625 0.3763888888888889 0.56328125 0.3819444444444444 0.56171875 0.39861111111111114 0.57265625 0.41388888888888886
0 0.6296875 0.46111111111111114 0.63828125 0.45694444444444443 0.65390625 0.4597222222222222 0.659375 0.4361111111111111 0.646875 0.41944444444444445 0.63671875 0.42083333333333334 0.628125 0.43194444444444446 0.625 0.4513888888888889 0.6296875 0.46111111111111114
0 0.625 0.5180555555555556 0.64453125 0.5222222222222223 0.65078125 0.5097222222222222 0.65625 0.48333333333333334 0.65546875 0.4652777777777778 0.64921875 0.4583333333333333 0.63515625 0.4583333333333333 0.62265625 0.475 0.61953125 0.48194444444444445 0.625 0.5180555555555556
0 0.56875 0.49722222222222223 0.5859375 0.4777777777777778 0.6 0.46944444444444444 0.5921875 0.4527777777777778 0.58359375 0.44583333333333336 0.5703125 0.4486111111111111 0.55390625 0.46944444444444444 0.5546875 0.4888888888888889 0.56875 0.49722222222222223
0 0.59296875 0.5361111111111111 0.6171875 0.525 0.621875 0.5180555555555556 0.62265625 0.49444444444444446 0.61953125 0.48333333333333334 0.6015625 0.4708333333333333 0.58828125 0.475 0.571875 0.4986111111111111 0.57109375 0.5125 0.59296875 0.5361111111111111
0 0.5671875 0.6152777777777778 0.5921875 0.6236111111111111 0.62109375 0.5944444444444444 0.63125 0.5680555555555555 0.62578125 0.5527777777777778 0.61015625 0.5458333333333333 0.57421875 0.5708333333333333 0.56328125 0.5888888888888889 0.56328125 0.6041666666666666 0.5671875 0.6152777777777778
0 0.55859375 0.5847222222222223 0.590625 0.5569444444444445 0.58984375 0.5444444444444444 0.5828125 0.5236111111111111 0.57265625 0.5152777777777777 0.559375 0.5180555555555556 0.54765625 0.5291666666666667 0.54375 0.5388888888888889 0.546875 0.5763888888888888 0.55859375 0.5847222222222223
0 0.49609375 0.5444444444444444 0.50625 0.5652777777777778 0.52109375 0.575 0.52890625 0.575 0.540625 0.5652777777777778 0.54453125 0.5361111111111111 0.55546875 0.5208333333333334 0.54765625 0.5069444444444444 0.5265625 0.5083333333333333 0.509375 0.5180555555555556 0.49609375 0.5361111111111111 0.49609375 0.5444444444444444
0 0.509375 0.6347222222222222 0.52578125 0.6416666666666667 0.53046875 0.6388888888888888 0.53515625 0.6222222222222222 0.534375 0.6013888888888889 0.52578125 0.5833333333333334 0.51484375 0.5722222222222222 0.5046875 0.5694444444444444 0.49921875 0.5763888888888888 0.4953125 0.5916666666666667 0.49375 0.6055555555555555 0.509375 0.6347222222222222
0 0.46484375 0.6 0.484375 0.6069444444444444 0.49453125 0.5958333333333333 0.503125 0.5666666666666667 0.503125 0.5555555555555556 0.4921875 0.5444444444444444 0.48203125 0.5444444444444444 0.47109375 0.55 0.45703125 0.5708333333333333 0.45703125 0.5819444444444445 0.46484375 0.6
0 0.40390625 0.6513888888888889 0.409375 0.6513888888888889 0.4203125 0.6472222222222223 0.43125 0.6277777777777778 0.453125 0.6152777777777778 0.46015625 0.5986111111111111 0.4546875 0.5805555555555556 0.43984375 0.5694444444444444 0.42421875 0.5680555555555555 0.40546875 0.5902777777777778 0.39375 0.6180555555555556 0.396875 0.6416666666666667 0.40390625 0.6513888888888889
0 0.40703125 0.5194444444444445 0.4109375 0.5319444444444444 0.425 0.5416666666666666 0.45 0.5305555555555556 0.465625 0.5097222222222222 0.46171875 0.4888888888888889 0.44921875 0.4736111111111111 0.43359375 0.475 0.41484375 0.49444444444444446 0.40703125 0.5111111111111111 0.40703125 0.5194444444444445
0 0.31328125 0.5013888888888889 0.33359375 0.5194444444444445 0.3453125 0.5097222222222222 0.3453125 0.49583333333333335 0.334375 0.4722222222222222 0.32578125 0.46805555555555556 0.31796875 0.4736111111111111 0.31015625 0.4875 0.31328125 0.5013888888888889
0 0.28984375 0.49583333333333335 0.2921875 0.5 0.3 0.5055555555555555 0.30390625 0.5041666666666667 0.30859375 0.5013888888888889 0.31015625 0.4986111111111111 0.3125 0.4777777777777778 0.31875 0.46944444444444444 0.3265625 0.4652777777777778 0.328125 0.4625 0.328125 0.4597222222222222 0.32421875 0.4527777777777778 0.3140625 0.4513888888888889 0.29375 0.4666666666666667 0.28828125 0.4777777777777778 0.2875 0.4847222222222222 0.28984375 0.49583333333333335
0 0.390625 0.6861111111111111 0.40390625 0.6583333333333333 0.39453125 0.6347222222222222 0.3875 0.6277777777777778 0.37109375 0.6263888888888889 0.35703125 0.6430555555555556 0.35703125 0.6666666666666666 0.390625 0.6861111111111111
0 0.43515625 0.6652777777777777 0.45546875 0.6722222222222223 0.4625 0.6708333333333333 0.4859375 0.6416666666666667 0.48203125 0.6277777777777778 0.46640625 0.6166666666666667 0.4390625 0.6194444444444445 0.43125 0.6305555555555555 0.4296875 0.6486111111111111 0.43515625 0.6652777777777777
0 0.4765625 0.6944444444444444 0.5265625 0.675 0.5328125 0.6708333333333333 0.5328125 0.6638888888888889 0.52421875 0.6458333333333334 0.50546875 0.6416666666666667 0.478125 0.6527777777777778 0.46875 0.6680555555555555 0.46953125 0.6875 0.4765625 0.6944444444444444
0 0.415625 0.7069444444444445 0.46875 0.6958333333333333 0.4640625 0.6777777777777778 0.44296875 0.6680555555555555 0.428125 0.6680555555555555 0.4125 0.6777777777777778 0.4125 0.7041666666666667 0.415625 0.7069444444444445
0 0.3328125 0.7 0.34453125 0.7111111111111111 0.3828125 0.7166666666666667 0.3875 0.7027777777777777 0.38515625 0.6805555555555556 0.3640625 0.6694444444444444 0.3484375 0.6708333333333333 0.33359375 0.6847222222222222 0.33125 0.6888888888888889 0.3328125 0.7