0 0.453125 0.6097222222222223 0.47109375 0.6138888888888889 0.48671875 0.6013888888888889 0.49765625 0.5736111111111111 0.4875 0.5486111111111112 0.471875 0.5486111111111112 0.45703125 0.5583333333333333 0.44453125 0.5902777777777778 0.44375 0.5986111111111111 0.453125 0.6097222222222223
0 0.43203125 0.5319444444444444 0.4359375 0.5458333333333333 0.4453125 0.5583333333333333 0.453125 0.5597222222222222 0.48046875 0.5458333333333333 0.48828125 0.5305555555555556 0.48828125 0.5180555555555556 0.47421875 0.5027777777777778 0.4390625 0.5097222222222222 0.43203125 0.5180555555555556 0.43203125 0.5319444444444444
0 0.4484375 0.5013888888888889 0.478125 0.4986111111111111 0.4828125 0.49166666666666664 0.48125 0.46944444444444444 0.4703125 0.44583333333333336 0.4609375 0.4388888888888889 0.4453125 0.44027777777777777 0.43828125 0.4625 0.43828125 0.4847222222222222 0.4484375 0.5013888888888889
0 0.4109375 0.5402777777777777 0.4265625 0.5388888888888889 0.4328125 0.5125 0.4375 0.5083333333333333 0.4296875 0.49444444444444446 0.4203125 0.4875 0.40625 0.49166666666666664 0.4 0.5027777777777778 0.39921875 0.5180555555555556 0.4109375 0.5402777777777777
0 0.3625 0.6305555555555555 0.37109375 0.6361111111111111 0.38359375 0.6333333333333333 0.396875 0.6222222222222222 0.4046875 0.6027777777777777 0.396875 0.5763888888888888 0.3796875 0.5638888888888889 0.36484375 0.5736111111111111 0.359375 0.5902777777777778 0.35546875 0.6166666666666667 0.3625 0.6305555555555555
0 0.35546875 0.5819444444444445 0.38125 0.5638888888888889 0.39296875 0.5666666666666667 0.40234375 0.5513888888888889 0.40234375 0.5416666666666666 0.39453125 0.5222222222222223 0.38515625 0.5152777777777777 0.3609375 0.5236111111111111 0.35390625 0.5305555555555556 0.34765625 0.5458333333333333 0.3484375 0.5722222222222222 0.35546875 0.5819444444444445
0 0.3171875 0.6263888888888889 0.33125 0.6319444444444444 0.3421875 0.6236111111111111 0.34609375 0.6138888888888889 0.34765625 0.6 0.3453125 0.5875 0.33125 0.5708333333333333 0.3140625 0.5763888888888888 0.3078125 0.5875 0.3078125 0.6069444444444444 0.3171875 0.6263888888888889
0 0.30703125 0.5777777777777777 0.32578125 0.5694444444444444 0.3421875 0.5805555555555556 0.35078125 0.5777777777777777 0.3484375 0.55 0.32265625 0.5347222222222222 0.3078125 0.5333333333333333 0.30234375 0.5541666666666667 0.30234375 0.5680555555555555 0.30703125 0.5777777777777777
0 0.37890625 0.42916666666666664 0.3828125 0.43333333333333335 0.38671875 0.43333333333333335 0.40625 0.4527777777777778 0.41640625 0.4527777777777778 0.4234375 0.44722222222222224 0.4265625 0.44305555555555554 0.43046875 0.42777777777777776 0.43046875 0.4236111111111111 0.428125 0.41805555555555557 0.42109375 0.4111111111111111 0.40859375 0.40555555555555556 0.3875 0.4027777777777778 0.3796875 0.40694444444444444 0.3765625 0.4125 0.37578125 0.42083333333333334 0.37890625 0.42916666666666664
0 0.40625 0.4027777777777778 0.4125 0.40694444444444444 0.41796875 0.4083333333333333 0.43203125 0.42083333333333334 0.434375 0.41944444444444445 0.43828125 0.4125 0.44140625 0.4041666666666667 0.440625 0.39305555555555555 0.43671875 0.3875 0.4203125 0.38472222222222224 0.41953125 0.3861111111111111 0.41328125 0.3875 0.409375 0.39166666666666666 0.40625 0.3972222222222222 0.40625 0.4027777777777778
0 0.4390625 0.3875 0.4453125 0.4013888888888889 0.4703125 0.4041666666666667 0.47265625 0.4027777777777778 0.47421875 0.4 0.47421875 0.3861111111111111 0.471875 0.3819444444444444 0.46875 0.37916666666666665 0.45234375 0.3680555555555556 0.44609375 0.36944444444444446 0.43984375 0.3763888888888889 0.4390625 0.37916666666666665 0.4390625 0.3875
0 0.43828125 0.42777777777777776 0.44296875 0.4375 0.46484375 0.4388888888888889 0.4703125 0.44305555555555554 0.4765625 0.44305555555555554 0.48046875 0.43472222222222223 0.48203125 0.42777777777777776 0.48046875 0.42083333333333334 0.47578125 0.4111111111111111 0.4625 0.4041666666666667 0.44765625 0.4041666666666667 0.4453125 0.40555555555555556 0.43984375 0.4152777777777778 0.43828125 0.42083333333333334 0.43828125 0.42777777777777776
0 0.48125 0.41944444444444445 0.48515625 0.4263888888888889 0.490625 0.4305555555555556 0.4984375 0.4305555555555556 0.51171875 0.4236111111111111 0.51953125 0.4111111111111111 0.5203125 0.3861111111111111 0.51171875 0.37222222222222223 0.5 0.37083333333333335 0.478125 0.4 0.47734375 0.40694444444444444 0.48125 0.41944444444444445
0 0.5 0.3680555555555556 0.5015625 0.37083333333333335 0.50390625 0.37083333333333335 0.5109375 0.3763888888888889 0.5125 0.3763888888888889 0.5171875 0.38472222222222224 0.51796875 0.3902777777777778 0.52265625 0.3958333333333333 0.52578125 0.3958333333333333 0.52890625 0.39305555555555555 0.5296875 0.3902777777777778 0.5296875 0.38333333333333336 0.53203125 0.37222222222222223 0.53125 0.37083333333333335 0.53125 0.36527777777777776 0.52578125 0.3541666666666667 0.51875 0.3486111111111111 0.5109375 0.3486111111111111 0.50390625 0.3541666666666667 0.5015625 0.35833333333333334 0.5 0.36527777777777776 0.5 0.3680555555555556
0 0.47265625 0.37916666666666665 0.4765625 0.3958333333333333 0.47734375 0.3972222222222222 0.48046875 0.3972222222222222 0.48359375 0.39444444444444443 0.48515625 0.39166666666666666 0.4875 0.3902777777777778 0.4890625 0.3875 0.48984375 0.3875 0.49453125 0.37916666666666665 0.4953125 0.3763888888888889 0.4953125 0.37083333333333335 0.49609375 0.36944444444444446 0.49296875 0.36944444444444446 0.4921875 0.3680555555555556 0.48203125 0.3680555555555556 0.4796875 0.36944444444444446 0.475 0.3763888888888889 0.47421875 0.3763888888888889 0.47421875 0.37777777777777777 0.47265625 0.37916666666666665
0 0.3625 0.45555555555555555 0.37109375 0.4666666666666667 0.3734375 0.4666666666666667 0.3828125 0.4736111111111111 0.39296875 0.48333333333333334 0.39765625 0.48194444444444445 0.40078125 0.47638888888888886 0.4015625 0.4638888888888889 0.40234375 0.4625 0.4015625 0.45694444444444443 0.39921875 0.45 0.39375 0.44166666666666665 0.39140625 0.44027777777777777 0.38125 0.44027777777777777 0.3703125 0.44305555555555554 0.36640625 0.44583333333333336 0.3625 0.4527777777777778 0.3625 0.45555555555555555
0 0.32578125 0.4791666666666667 0.32734375 0.4847222222222222 0.33203125 0.49722222222222223 0.3359375 0.4986111111111111 0.3421875 0.49444444444444446 0.3453125 0.49444444444444446 0.3484375 0.49027777777777776 0.35 0.4847222222222222 0.3546875 0.48055555555555557 0.3578125 0.4736111111111111 0.36015625 0.4708333333333333 0.36640625 0.46944444444444444 0.3671875 0.46805555555555556 0.3671875 0.4625 0.36484375 0.4597222222222222 0.3546875 0.45694444444444443 0.33515625 0.4652777777777778 0.3265625 0.4708333333333333 0.32578125 0.4722222222222222 0.32578125 0.4791666666666667
0 0.35390625 0.5069444444444444 0.36171875 0.5194444444444445 0.3703125 0.5180555555555556 0.37578125 0.5138888888888888 0.39375 0.5152777777777777 0.396875 0.5111111111111111 0.39921875 0.4986111111111111 0.39921875 0.49444444444444446 0.396875 0.49027777777777776 0.39140625 0.4861111111111111 0.3875 0.4791666666666667 0.37890625 0.4722222222222222 0.36953125 0.46944444444444444 0.36171875 0.4708333333333333 0.3578125 0.4736111111111111 0.35234375 0.48333333333333334 0.35 0.4847222222222222 0.34609375 0.49444444444444446 0.3453125 0.5013888888888889 0.35390625 0.5069444444444444
0 0.32421875 0.5333333333333333 0.32734375 0.5388888888888889 0.34453125 0.5472222222222223 0.3484375 0.5472222222222223 0.35390625 0.5305555555555556 0.36171875 0.5208333333333334 0.3609375 0.5111111111111111 0.359375 0.5069444444444444 0.3484375 0.4986111111111111 0.334375 0.5 0.33046875 0.5055555555555555 0.32890625 0.5125 0.32734375 0.5152777777777777 0.32421875 0.5291666666666667 0.32421875 0.5333333333333333