0 0.528125 0.37222222222222223 0.53203125 0.3819444444444444 0.5328125 0.3861111111111111 0.5359375 0.39166666666666666 0.55078125 0.39166666666666666 0.5515625 0.3902777777777778 0.5546875 0.3902777777777778 0.55625 0.3861111111111111 0.55546875 0.3638888888888889 0.55390625 0.35694444444444445 0.55 0.3527777777777778 0.54765625 0.3527777777777778 0.546875 0.35138888888888886 0.5390625 0.35138888888888886 0.53828125 0.3527777777777778 0.534375 0.3527777777777778 0.52890625 0.3638888888888889 0.528125 0.36666666666666664 0.528125 0.37222222222222223
0 0.47578125 0.3888888888888889 0.48515625 0.3902777777777778 0.4875 0.39305555555555555 0.49296875 0.39305555555555555 0.5109375 0.39861111111111114 0.51875 0.4027777777777778 0.52578125 0.39444444444444443 0.525 0.38333333333333336 0.5265625 0.3736111111111111 0.51640625 0.3680555555555556 0.496875 0.3680555555555556 0.484375 0.37222222222222223 0.47578125 0.37916666666666665 0.47421875 0.38333333333333336 0.4734375 0.3861111111111111 0.47578125 0.3888888888888889
0 0.459375 0.4041666666666667 0.46484375 0.41388888888888886 0.4703125 0.41805555555555557 0.47265625 0.4222222222222222 0.5 0.42083333333333334 0.51171875 0.41388888888888886 0.5140625 0.40555555555555556 0.51328125 0.4027777777777778 0.50546875 0.3958333333333333 0.49140625 0.39444444444444443 0.4796875 0.3902777777777778 0.46953125 0.3902777777777778 0.459375 0.39861111111111114 0.45859375 0.4 0.459375 0.4041666666666667
0 0.43828125 0.4305555555555556 0.440625 0.4361111111111111 0.4453125 0.44027777777777777 0.44921875 0.45555555555555555 0.4515625 0.45694444444444443 0.46015625 0.45694444444444443 0.4609375 0.45555555555555555 0.46484375 0.45555555555555555 0.4671875 0.4513888888888889 0.46796875 0.4388888888888889 0.471875 0.425 0.4703125 0.41944444444444445 0.45703125 0.4013888888888889 0.453125 0.4013888888888889 0.45234375 0.4 0.45078125 0.4013888888888889 0.4453125 0.4013888888888889 0.43984375 0.4041666666666667 0.43671875 0.4083333333333333 0.4359375 0.41805555555555557 0.43828125 0.4305555555555556
0 0.46875 0.44166666666666665 0.46875 0.4486111111111111 0.46953125 0.4513888888888889 0.484375 0.4652777777777778 0.48828125 0.4625 0.490625 0.4527777777777778 0.50234375 0.425 0.5015625 0.4236111111111111 0.49453125 0.4236111111111111 0.49375 0.4222222222222222 0.47421875 0.4236111111111111 0.471875 0.42777777777777776 0.46953125 0.4361111111111111 0.46953125 0.44027777777777777 0.46875 0.44166666666666665
0 0.40703125 0.4583333333333333 0.409375 0.46944444444444444 0.41171875 0.475 0.4171875 0.475 0.4203125 0.4777777777777778 0.42890625 0.4791666666666667 0.44609375 0.46944444444444444 0.4484375 0.46111111111111114 0.4484375 0.45416666666666666 0.446875 0.44583333333333336 0.44296875 0.4388888888888889 0.4375 0.43472222222222223 0.42421875 0.43333333333333335 0.4171875 0.44027777777777777 0.409375 0.44166666666666665 0.40703125 0.4444444444444444 0.40625 0.44722222222222224 0.40703125 0.4583333333333333
0 0.39921875 0.5125 0.4015625 0.5194444444444445 0.40703125 0.5277777777777778 0.409375 0.5291666666666667 0.42109375 0.5291666666666667 0.4328125 0.5208333333333334 0.4359375 0.5125 0.43671875 0.5013888888888889 0.434375 0.49444444444444446 0.42734375 0.48333333333333334 0.421875 0.4791666666666667 0.41484375 0.47638888888888886 0.41015625 0.47638888888888886 0.4046875 0.48055555555555557 0.4 0.4888888888888889 0.39765625 0.49722222222222223 0.39921875 0.5125
0 0.51953125 0.4152777777777778 0.5328125 0.4236111111111111 0.53671875 0.42916666666666664 0.55078125 0.425 0.55546875 0.42083333333333334 0.55546875 0.4111111111111111 0.55390625 0.4041666666666667 0.55078125 0.4 0.5453125 0.3958333333333333 0.53125 0.3958333333333333 0.52421875 0.4 0.521875 0.4027777777777778 0.5203125 0.40694444444444444 0.51875 0.4125 0.51953125 0.4152777777777778
0 0.56015625 0.4041666666666667 0.5625 0.4041666666666667 0.56328125 0.40555555555555556 0.5640625 0.40555555555555556 0.5703125 0.3972222222222222 0.5734375 0.3972222222222222 0.57421875 0.3958333333333333 0.58203125 0.3958333333333333 0.58515625 0.39861111111111114 0.5875 0.3972222222222222 0.5875 0.3902777777777778 0.5859375 0.3875 0.5859375 0.3861111111111111 0.58515625 0.3861111111111111 0.58203125 0.3819444444444444 0.57890625 0.3819444444444444 0.578125 0.38055555555555554 0.571875 0.3819444444444444 0.56875 0.38472222222222224 0.5625 0.39305555555555555 0.56015625 0.3972222222222222 0.56015625 0.4041666666666667
0 0.59375 0.4027777777777778 0.60390625 0.4125 0.60625 0.4125 0.60703125 0.41388888888888886 0.6109375 0.41388888888888886 0.61484375 0.4111111111111111 0.61953125 0.3958333333333333 0.61796875 0.3902777777777778 0.6125 0.37777777777777777 0.61015625 0.375 0.60546875 0.375 0.59296875 0.3861111111111111 0.5921875 0.3888888888888889 0.59140625 0.39305555555555555 0.59375 0.4027777777777778
0 0.61796875 0.40694444444444444 0.61875 0.4083333333333333 0.63046875 0.4083333333333333 0.63125 0.4097222222222222 0.63359375 0.4097222222222222 0.64296875 0.42083333333333334 0.64609375 0.41944444444444445 0.65 0.41388888888888886 0.65234375 0.40694444444444444 0.65078125 0.39444444444444443 0.646875 0.3888888888888889 0.6390625 0.3819444444444444 0.63046875 0.3819444444444444 0.628125 0.38333333333333336 0.6203125 0.39444444444444443 0.61796875 0.4027777777777778 0.61796875 0.40694444444444444
0 0.65390625 0.4513888888888889 0.65390625 0.4583333333333333 0.65546875 0.4625 0.66484375 0.4708333333333333 0.6828125 0.4708333333333333 0.68515625 0.4666666666666667 0.68671875 0.45694444444444443 0.68671875 0.4305555555555556 0.68125 0.42083333333333334 0.6765625 0.4166666666666667 0.6703125 0.4166666666666667 0.66484375 0.42083333333333334 0.659375 0.4222222222222222 0.65546875 0.42916666666666664 0.65625 0.44583333333333336 0.65390625 0.4513888888888889
0 0.60859375 0.4375 0.6109375 0.4375 0.61171875 0.4388888888888889 0.61328125 0.4375 0.6328125 0.4444444444444444 0.6359375 0.4486111111111111 0.6390625 0.4486111111111111 0.63984375 0.45 0.64375 0.44583333333333336 0.64453125 0.44166666666666665 0.64453125 0.42777777777777776 0.6421875 0.42083333333333334 0.6390625 0.4152777777777778 0.634375 0.4111111111111111 0.63203125 0.4097222222222222 0.62265625 0.4097222222222222 0.6140625 0.4152777777777778 0.609375 0.42083333333333334 0.60859375 0.4236111111111111 0.60859375 0.4375
0 0.56640625 0.4375 0.571875 0.4444444444444444 0.578125 0.4444444444444444 0.5796875 0.44305555555555554 0.584375 0.43333333333333335 0.58984375 0.43194444444444446 0.59375 0.42916666666666664 0.5953125 0.4263888888888889 0.59453125 0.41944444444444445 0.590625 0.40694444444444444 0.5875 0.4013888888888889 0.58203125 0.3958333333333333 0.57578125 0.3958333333333333 0.575 0.3972222222222222 0.5640625 0.4 0.56171875 0.40555555555555556 0.5609375 0.41805555555555557 0.56640625 0.4375
0 0.5328125 0.4583333333333333 0.53671875 0.4666666666666667 0.54375 0.4708333333333333 0.55234375 0.4708333333333333 0.5546875 0.4666666666666667 0.55546875 0.4625 0.5609375 0.4527777777777778 0.56640625 0.4486111111111111 0.5671875 0.44583333333333336 0.56171875 0.425 0.55703125 0.4222222222222222 0.55078125 0.42777777777777776 0.54296875 0.4305555555555556 0.53203125 0.44305555555555554 0.53046875 0.4486111111111111 0.5328125 0.4583333333333333
0 0.490625 0.48333333333333334 0.49453125 0.4875 0.50234375 0.49027777777777776 0.52109375 0.48333333333333334 0.52578125 0.4736111111111111 0.53046875 0.46805555555555556 0.53046875 0.4597222222222222 0.528125 0.4527777777777778 0.5328125 0.43194444444444446 0.51796875 0.41944444444444445 0.51171875 0.41944444444444445 0.5015625 0.42916666666666664 0.48828125 0.4638888888888889 0.4875 0.47638888888888886 0.490625 0.48333333333333334
0 0.525 0.49027777777777776 0.54140625 0.5263888888888889 0.54296875 0.5277777777777778 0.55078125 0.5208333333333334 0.5671875 0.5222222222222223 0.5703125 0.5111111111111111 0.571875 0.49583333333333335 0.5640625 0.4847222222222222 0.553125 0.475 0.53984375 0.4708333333333333 0.5328125 0.4708333333333333 0.52734375 0.47638888888888886 0.525 0.4847222222222222 0.525 0.49027777777777776
0 0.55703125 0.47638888888888886 0.5625 0.4791666666666667 0.5640625 0.48333333333333334 0.57109375 0.49166666666666664 0.57421875 0.4930555555555556 0.58203125 0.4930555555555556 0.58671875 0.49027777777777776 0.59921875 0.49166666666666664 0.6078125 0.49722222222222223 0.6109375 0.49583333333333335 0.61171875 0.4930555555555556 0.6109375 0.4777777777777778 0.609375 0.4722222222222222 0.60390625 0.4652777777777778 0.5875 0.4527777777777778 0.571875 0.45 0.565625 0.4513888888888889 0.56328125 0.4527777777777778 0.55625 0.4638888888888889 0.55546875 0.4708333333333333 0.55703125 0.47638888888888886
0 0.5828125 0.4527777777777778 0.5953125 0.4652777777777778 0.6078125 0.4736111111111111 0.61015625 0.4736111111111111 0.61015625 0.46944444444444444 0.6109375 0.46805555555555556 0.6109375 0.44583333333333336 0.60859375 0.44027777777777777 0.59609375 0.43194444444444446 0.58671875 0.43333333333333335 0.584375 0.43472222222222223 0.58203125 0.4388888888888889 0.58046875 0.4486111111111111 0.5828125 0.4527777777777778
0 0.61015625 0.4625 0.6140625 0.49722222222222223 0.621875 0.5083333333333333 0.63125 0.5138888888888888 0.63671875 0.5125 0.65234375 0.49722222222222223 0.6546875 0.4930555555555556 0.65546875 0.49027777777777776 0.6546875 0.4777777777777778 0.64921875 0.4708333333333333 0.64140625 0.45416666666666666 0.628125 0.44166666666666665 0.6234375 0.44027777777777777 0.61875 0.44027777777777777 0.61171875 0.44722222222222224 0.61015625 0.4527777777777778 0.61015625 0.4625
0 0.6609375 0.4930555555555556 0.66328125 0.49444444444444446 0.66640625 0.4930555555555556 0.6734375 0.49444444444444446 0.675 0.4930555555555556 0.6765625 0.49583333333333335 0.6796875 0.49722222222222223 0.68203125 0.5013888888888889 0.68359375 0.5083333333333333 0.68515625 0.5097222222222222 0.68515625 0.5180555555555556 0.68671875 0.5222222222222223 0.6921875 0.5236111111111111 0.696875 0.5194444444444445 0.69921875 0.5152777777777777 0.69921875 0.5041666666666667 0.69609375 0.49166666666666664 0.68671875 0.47638888888888886 0.67890625 0.4722222222222222 0.66953125 0.4722222222222222 0.659375 0.47638888888888886 0.65859375 0.4875 0.6609375 0.4930555555555556
0 0.6328125 0.5458333333333333 0.63984375 0.5527777777777778 0.64453125 0.5527777777777778 0.64921875 0.5444444444444444 0.66640625 0.5305555555555556 0.68203125 0.525 0.68359375 0.5208333333333334 0.6828125 0.5152777777777777 0.684375 0.5111111111111111 0.68046875 0.4986111111111111 0.67734375 0.49583333333333335 0.6703125 0.4930555555555556 0.6578125 0.49583333333333335 0.640625 0.5097222222222222 0.6359375 0.5166666666666667 0.63125 0.5305555555555556 0.63046875 0.5416666666666666 0.6328125 0.5458333333333333
0 0.57265625 0.5291666666666667 0.59140625 0.5583333333333333 0.59765625 0.5569444444444445 0.60546875 0.5472222222222223 0.61328125 0.5458333333333333 0.625 0.5388888888888889 0.625 0.5291666666666667 0.62265625 0.5166666666666667 0.6109375 0.5 0.5953125 0.49166666666666664 0.584375 0.49166666666666664 0.57734375 0.49583333333333335 0.5734375 0.5013888888888889 0.571875 0.5069444444444444 0.57265625 0.5291666666666667
0 0.53828125 0.5583333333333333 0.53828125 0.5652777777777778 0.540625 0.575 0.54375 0.5805555555555556 0.54921875 0.5805555555555556 0.55703125 0.575 0.565625 0.5736111111111111 0.578125 0.5861111111111111 0.5828125 0.5777777777777777 0.58359375 0.5652777777777778 0.57890625 0.5458333333333333 0.57265625 0.5333333333333333 0.5640625 0.525 0.55 0.5236111111111111 0.54140625 0.5347222222222222 0.5375 0.5472222222222223 0.53671875 0.5527777777777778 0.53828125 0.5583333333333333
0 0.4921875 0.5291666666666667 0.4921875 0.5416666666666666 0.4984375 0.5555555555555556 0.50234375 0.5555555555555556 0.50859375 0.55 0.53046875 0.5527777777777778 0.5328125 0.5513888888888889 0.5359375 0.5444444444444444 0.53671875 0.5361111111111111 0.5390625 0.5291666666666667 0.5375 0.5152777777777777 0.53515625 0.5083333333333333 0.52578125 0.4930555555555556 0.515625 0.49027777777777776 0.5078125 0.49166666666666664 0.49765625 0.49722222222222223 0.49453125 0.5055555555555555 0.49453125 0.5152777777777777 0.4921875 0.5291666666666667
0 0.496875 0.6125 0.50625 0.6305555555555555 0.5125 0.6347222222222222 0.52890625 0.6347222222222222 0.53671875 0.6305555555555555 0.54296875 0.6097222222222223 0.54140625 0.5930555555555556 0.53125 0.5569444444444445 0.528125 0.5541666666666667 0.51171875 0.5513888888888889 0.50234375 0.5569444444444445 0.50078125 0.5708333333333333 0.49609375 0.5902777777777778 0.4953125 0.6027777777777777 0.496875 0.6125
0 0.546875 0.6222222222222222 0.5546875 0.6402777777777777 0.56171875 0.6472222222222223 0.57265625 0.6486111111111111 0.5796875 0.6458333333333334 0.58515625 0.6388888888888888 0.58671875 0.6333333333333333 0.5859375 0.6222222222222222 0.57734375 0.5875 0.57109375 0.5777777777777777 0.56796875 0.575 0.559375 0.575 0.54296875 0.5833333333333334 0.5421875 0.5902777777777778 0.546875 0.6222222222222222
0 0.59453125 0.5944444444444444 0.59453125 0.5986111111111111 0.59921875 0.6041666666666666 0.60625 0.6069444444444444 0.61484375 0.6083333333333333 0.625 0.6055555555555555 0.6375 0.5916666666666667 0.64140625 0.5805555555555556 0.640625 0.5597222222222222 0.63515625 0.55 0.6296875 0.5444444444444444 0.61953125 0.5444444444444444 0.60859375 0.5486111111111112 0.6015625 0.5541666666666667 0.5921875 0.5666666666666667 0.590625 0.5805555555555556 0.59453125 0.5944444444444444
0 0.65234375 0.575 0.66796875 0.5763888888888888 0.6796875 0.5847222222222223 0.6828125 0.5888888888888889 0.6890625 0.5833333333333334 0.69453125 0.5736111111111111 0.69453125 0.5625 0.68671875 0.5333333333333333 0.68203125 0.5277777777777778 0.675 0.5277777777777778 0.6609375 0.5347222222222222 0.65546875 0.5388888888888889 0.646875 0.55 0.64609375 0.5611111111111111 0.65234375 0.575
0 0.6875 0.5375 0.6890625 0.5416666666666666 0.6890625 0.5458333333333333 0.69375 0.55 0.69921875 0.5638888888888889 0.7015625 0.5666666666666667 0.725 0.5638888888888889 0.72578125 0.5625 0.72734375 0.55 0.7203125 0.5388888888888889 0.71328125 0.5319444444444444 0.7078125 0.5291666666666667 0.6890625 0.5305555555555556 0.6875 0.5319444444444444 0.6875 0.5375
0 0.690625 0.6013888888888889 0.696875 0.6125 0.7046875 0.6194444444444445 0.71640625 0.6236111111111111 0.7234375 0.6236111111111111 0.72734375 0.6208333333333333 0.7359375 0.6055555555555555 0.73984375 0.5875 0.7390625 0.5791666666666667 0.734375 0.5722222222222222 0.7265625 0.5666666666666667 0.72109375 0.5652777777777778 0.70390625 0.5694444444444444 0.69765625 0.5736111111111111 0.69296875 0.5819444444444445 0.68984375 0.5930555555555556 0.690625 0.6013888888888889
0 0.6421875 0.6125 0.64765625 0.6222222222222222 0.65390625 0.6291666666666667 0.66796875 0.6347222222222222 0.675 0.6291666666666667 0.67890625 0.6166666666666667 0.68046875 0.6041666666666666 0.6796875 0.5916666666666667 0.67109375 0.5805555555555556 0.66640625 0.5777777777777777 0.6515625 0.5791666666666667 0.6453125 0.5888888888888889 0.6421875 0.5972222222222222 0.64140625 0.6013888888888889 0.6421875 0.6125
0 0.6625 0.6763888888888889 0.67421875 0.6861111111111111 0.6828125 0.6875 0.69375 0.6861111111111111 0.7015625 0.6819444444444445 0.71015625 0.6708333333333333 0.71015625 0.6625 0.7078125 0.6472222222222223 0.70390625 0.6416666666666667 0.68984375 0.6347222222222222 0.67890625 0.6347222222222222 0.6703125 0.6402777777777777 0.6640625 0.65 0.66015625 0.6638888888888889 0.659375 0.6708333333333333 0.6625 0.6763888888888889
0 0.6078125 0.7277777777777777 0.61953125 0.7430555555555556 0.6390625 0.7430555555555556 0.646875 0.7388888888888889 0.66953125 0.7180555555555556 0.67421875 0.7069444444444445 0.67421875 0.6986111111111111 0.671875 0.6944444444444444 0.66328125 0.6819444444444445 0.65625 0.6777777777777778 0.63984375 0.6777777777777778 0.6265625 0.6819444444444445 0.6171875 0.6888888888888889 0.609375 0.7027777777777777 0.60703125 0.7194444444444444 0.6078125 0.7277777777777777
0 0.50234375 0.7541666666666667 0.50703125 0.7638888888888888 0.5171875 0.7722222222222223 0.53125 0.7763888888888889 0.54296875 0.7763888888888889 0.546875 0.7722222222222223 0.553125 0.7583333333333333 0.55234375 0.7444444444444445 0.5421875 0.7291666666666666 0.521875 0.7236111111111111 0.509375 0.7277777777777777 0.503125 0.7333333333333333 0.5015625 0.7388888888888889 0.50234375 0.7541666666666667
0 0.4765625 0.7027777777777777 0.48046875 0.7194444444444444 0.484375 0.725 0.496875 0.7319444444444444 0.5015625 0.7319444444444444 0.51484375 0.7236111111111111 0.53359375 0.7236111111111111 0.5390625 0.7180555555555556 0.54296875 0.7194444444444444 0.54765625 0.7152777777777778 0.5515625 0.6930555555555555 0.5515625 0.6847222222222222 0.546875 0.6736111111111112 0.53046875 0.6625 0.49609375 0.6652777777777777 0.4875 0.6708333333333333 0.4796875 0.6833333333333333 0.4765625 0.6916666666666667 0.4765625 0.7027777777777777
0 0.37421875 0.5597222222222222 0.38984375 0.5527777777777778 0.39765625 0.5388888888888889 0.39765625 0.5319444444444444 0.38671875 0.5097222222222222 0.371875 0.5013888888888889 0.3609375 0.5069444444444444 0.35546875 0.5263888888888889 0.35625 0.5430555555555555 0.37421875 0.5597222222222222