0 0.5421875 0.4027777777777778 0.559375 0.4027777777777778 0.56328125 0.3958333333333333 0.57265625 0.3958333333333333 0.5796875 0.3902777777777778 0.5796875 0.3680555555555556 0.5734375 0.3638888888888889 0.54296875 0.3638888888888889 0.5375 0.3680555555555556 0.5359375 0.39305555555555555 0.5421875 0.4027777777777778
0 0.54296875 0.5888888888888889 0.54921875 0.5930555555555556 0.55078125 0.6027777777777777 0.5671875 0.6180555555555556 0.58515625 0.6180555555555556 0.5890625 0.6097222222222223 0.59765625 0.6041666666666666 0.6046875 0.5888888888888889 0.6046875 0.5680555555555555 0.59921875 0.5625 0.58984375 0.5625 0.5859375 0.5555555555555556 0.57734375 0.5541666666666667 0.5671875 0.5444444444444444 0.54296875 0.5444444444444444 0.54296875 0.5888888888888889
0 0.4546875 0.6222222222222222 0.459375 0.6305555555555555 0.4640625 0.6333333333333333 0.47109375 0.6430555555555556 0.47421875 0.65 0.48046875 0.6555555555555556 0.4875 0.6583333333333333 0.49453125 0.6527777777777778 0.51015625 0.65 0.51328125 0.6458333333333334 0.5140625 0.6305555555555555 0.50546875 0.6055555555555555 0.490625 0.5833333333333334 0.4765625 0.5833333333333334 0.4671875 0.5861111111111111 0.459375 0.5930555555555556 0.45390625 0.6055555555555555 0.453125 0.6166666666666667 0.4546875 0.6222222222222222
0 0.41015625 0.6180555555555556 0.41484375 0.6208333333333333 0.421875 0.6194444444444445 0.42890625 0.6138888888888889 0.44140625 0.6152777777777778 0.45 0.6194444444444445 0.45078125 0.6111111111111112 0.45625 0.5944444444444444 0.459375 0.5902777777777778 0.46328125 0.5888888888888889 0.4640625 0.5833333333333334 0.45390625 0.5666666666666667 0.44296875 0.5597222222222222 0.43828125 0.5597222222222222 0.42421875 0.5777777777777777 0.41484375 0.5861111111111111 0.4046875 0.6013888888888889 0.40390625 0.6083333333333333 0.41015625 0.6180555555555556
0 0.4265625 0.6597222222222222 0.440625 0.675 0.4609375 0.6861111111111111 0.4703125 0.6861111111111111 0.48046875 0.6722222222222223 0.4671875 0.6416666666666667 0.44140625 0.6180555555555556 0.43125 0.6166666666666667 0.421875 0.6236111111111111 0.4171875 0.6305555555555555 0.4171875 0.6444444444444445 0.4265625 0.6597222222222222
0 0.45859375 0.45 0.4734375 0.4486111111111111 0.48203125 0.43472222222222223 0.47734375 0.41388888888888886 0.46953125 0.4027777777777778 0.45859375 0.4027777777777778 0.4484375 0.41388888888888886 0.44921875 0.42916666666666664 0.45859375 0.45
0 0.28984375 0.49722222222222223 0.29921875 0.5083333333333333 0.31796875 0.5013888888888889 0.32421875 0.49027777777777776 0.31640625 0.46944444444444444 0.30625 0.4583333333333333 0.2953125 0.45694444444444443 0.2875 0.4638888888888889 0.28515625 0.4708333333333333 0.28984375 0.49722222222222223
0 0.27421875 0.55 0.29375 0.5472222222222223 0.303125 0.5291666666666667 0.2875 0.5097222222222222 0.27578125 0.5041666666666667 0.26328125 0.5166666666666667 0.2640625 0.5388888888888889 0.27421875 0.55
0 0.296875 0.5527777777777778 0.30390625 0.5527777777777778 0.30625 0.5541666666666667 0.31015625 0.5597222222222222 0.32109375 0.5638888888888889 0.33125 0.5638888888888889 0.33203125 0.5625 0.33203125 0.5527777777777778 0.33125 0.55 0.32578125 0.5402777777777777 0.321875 0.5361111111111111 0.3171875 0.5333333333333333 0.30546875 0.5319444444444444 0.30234375 0.5347222222222222 0.29609375 0.5458333333333333 0.2953125 0.55 0.296875 0.5527777777777778
0 0.27890625 0.5833333333333334 0.29609375 0.5888888888888889 0.30859375 0.5958333333333333 0.32109375 0.6097222222222223 0.328125 0.6083333333333333 0.33359375 0.6013888888888889 0.3359375 0.5763888888888888 0.33515625 0.5722222222222222 0.33046875 0.5652777777777778 0.32421875 0.5652777777777778 0.2984375 0.5513888888888889 0.28515625 0.5527777777777778 0.278125 0.5597222222222222 0.2765625 0.5777777777777777 0.27890625 0.5833333333333334
0 0.25625 0.625 0.2671875 0.6361111111111111 0.2765625 0.6416666666666667 0.28359375 0.6416666666666667 0.29947890625 0.6291666666666667 0.3078125 0.6291666666666667 0.3140625 0.6347222222222222 0.3171875 0.6347222222222222 0.31875 0.6319444444444444 0.31953125 0.6125 0.31796875 0.6069444444444444 0.3109375 0.5972222222222222 0.30390625 0.5930555555555556 0.28359375 0.5861111111111111 0.26015625 0.5847222222222223 0.253125 0.5944444444444444 0.253125 0.6152777777777778 0.25625 0.625
0 0.32734375 0.6513888888888889 0.33359375 0.6555555555555556 0.34296875 0.6569444444444444 0.346875 0.6597222222222222 0.3484375 0.6638888888888889 0.35078125 0.6652777777777777 0.35703125 0.6666666666666666 0.36640625 0.6541666666666667 0.36328125 0.6319444444444444 0.3609375 0.6222222222222222 0.35703125 0.6152777777777778 0.3515625 0.6111111111111112 0.34765625 0.6111111111111112 0.3390625 0.6180555555555556 0.3359375 0.6180555555555556 0.3328125 0.6208333333333333 0.33125 0.6236111111111111 0.3296875 0.6319444444444444 0.3265625 0.6375 0.325 0.6444444444444445 0.32734375 0.6513888888888889
0 0.284375 0.6555555555555556 0.2890625 0.6666666666666666 0.296875 0.6805555555555556 0.3015625 0.6791666666666667 0.30390625 0.6708333333333333 0.30703125 0.6652777777777777 0.315625 0.6569444444444444 0.31796875 0.6569444444444444 0.31875 0.6555555555555556 0.31875 0.6402777777777777 0.31640625 0.6361111111111111 0.30859375 0.6305555555555555 0.30546875 0.6305555555555555 0.3046875 0.6291666666666667 0.2953125 0.6305555555555555 0.290625 0.6347222222222222 0.28671875 0.6416666666666667 0.284375 0.65 0.284375 0.6555555555555556
0 0.30703125 0.6861111111111111 0.30859375 0.6916666666666667 0.315625 0.7013888888888888 0.32734375 0.7055555555555556 0.33046875 0.7083333333333334 0.33671875 0.7055555555555556 0.34296875 0.7083333333333334 0.353125 0.7055555555555556 0.35546875 0.7027777777777777 0.35546875 0.6958333333333333 0.353125 0.6861111111111111 0.35390625 0.675 0.35234375 0.6708333333333333 0.34765625 0.6666666666666666 0.34609375 0.6611111111111111 0.34375 0.6583333333333333 0.3203125 0.6569444444444444 0.31328125 0.6597222222222222 0.31015625 0.6638888888888889 0.30625 0.6708333333333333 0.30703125 0.6861111111111111
0 0.35703125 0.7125 0.359375 0.7208333333333333 0.37265625 0.7263888888888889 0.38046875 0.725 0.38828125 0.7277777777777777 0.3953125 0.7263888888888889 0.3984375 0.7208333333333333 0.4 0.6916666666666667 0.390625 0.6777777777777778 0.38828125 0.6708333333333333 0.38125 0.6666666666666666 0.36953125 0.6638888888888889 0.365625 0.6652777777777777 0.3546875 0.675 0.35390625 0.6777777777777778 0.353125 0.6833333333333333 0.35703125 0.7125
0 0.36796875 0.6597222222222222 0.38125 0.6652777777777777 0.38984375 0.6722222222222223 0.3921875 0.6777777777777778 0.39453125 0.6791666666666667 0.4078125 0.6777777777777778 0.415625 0.6652777777777777 0.41640625 0.65 0.4140625 0.6347222222222222 0.40703125 0.6236111111111111 0.3921875 0.6152777777777778 0.38671875 0.6152777777777778 0.3796875 0.6097222222222223 0.3703125 0.6125 0.3640625 0.6222222222222222 0.3625 0.6305555555555555 0.36796875 0.6597222222222222
0 0.4015625 0.7208333333333333 0.4046875 0.725 0.41640625 0.7222222222222222 0.453125 0.7194444444444444 0.459375 0.7138888888888889 0.459375 0.7083333333333334 0.4546875 0.6958333333333333 0.4484375 0.6902777777777778 0.4296875 0.6819444444444445 0.4140625 0.6833333333333333 0.40234375 0.6916666666666667 0.40078125 0.6958333333333333 0.40078125 0.7166666666666667 0.4015625 0.7208333333333333
0 0.51484375 0.5694444444444444 0.5296875 0.5805555555555556 0.54140625 0.5777777777777777 0.546875 0.5458333333333333 0.55078125 0.5402777777777777 0.54765625 0.5208333333333334 0.5390625 0.5069444444444444 0.53046875 0.5013888888888889 0.515625 0.5041666666666667 0.5078125 0.5305555555555556 0.50703125 0.5430555555555555 0.51484375 0.5694444444444444
0 0.48984375 0.7097222222222223 0.52578125 0.6972222222222222 0.53359375 0.6847222222222222 0.5328125 0.6694444444444444 0.5171875 0.6527777777777778 0.49921875 0.6541666666666667 0.48203125 0.6777777777777778 0.48046875 0.6986111111111111 0.48984375 0.7097222222222223