0 0.3984375 0.4305555555555556 0.4171875 0.425 0.4203125 0.4083333333333333 0.41796875 0.3972222222222222 0.40859375 0.39166666666666666 0.40078125 0.39305555555555555 0.3921875 0.40555555555555556 0.39140625 0.4222222222222222 0.3984375 0.4305555555555556
0 0.3203125 0.7069444444444445 0.3453125 0.725 0.353125 0.7194444444444444 0.3625 0.6930555555555555 0.35859375 0.6763888888888889 0.334375 0.6652777777777777 0.3234375 0.6652777777777777 0.3125 0.6819444444444445 0.31171875 0.6916666666666667 0.3203125 0.7069444444444445
0 0.36875 0.6930555555555555 0.39765625 0.6972222222222222 0.41015625 0.6666666666666666 0.4109375 0.6569444444444444 0.4046875 0.6402777777777777 0.38046875 0.6347222222222222 0.36328125 0.6583333333333333 0.3625 0.6791666666666667 0.36875 0.6930555555555555
0 0.41875 0.6527777777777778 0.4375 0.6472222222222223 0.4546875 0.6263888888888889 0.45625 0.6194444444444445 0.453125 0.6069444444444444 0.43671875 0.5930555555555556 0.41796875 0.5986111111111111 0.40546875 0.6166666666666667 0.409375 0.6388888888888888 0.41875 0.6527777777777778
0 0.43671875 0.5861111111111111 0.45546875 0.6027777777777777 0.47265625 0.5944444444444444 0.48203125 0.5680555555555555 0.47734375 0.5430555555555555 0.4671875 0.5333333333333333 0.44453125 0.5458333333333333 0.43515625 0.5611111111111111 0.43359375 0.5763888888888888 0.43671875 0.5861111111111111
0 0.48359375 0.6319444444444444 0.5109375 0.6375 0.525 0.6125 0.52578125 0.5958333333333333 0.51484375 0.5763888888888888 0.5015625 0.5708333333333333 0.490625 0.5763888888888888 0.4796875 0.6097222222222223 0.47890625 0.6194444444444445 0.48359375 0.6319444444444444
0 0.484375 0.6833333333333333 0.50390625 0.6930555555555555 0.51328125 0.6930555555555555 0.521875 0.675 0.5375 0.6652777777777777 0.53046875 0.65 0.51875 0.6416666666666667 0.48984375 0.6375 0.47890625 0.65 0.478125 0.6680555555555555 0.484375 0.6833333333333333
0 0.5171875 0.7138888888888889 0.52578125 0.725 0.55703125 0.7138888888888889 0.5765625 0.6986111111111111 0.56796875 0.6805555555555556 0.546875 0.6680555555555555 0.52890625 0.6722222222222223 0.51875 0.6819444444444445 0.515625 0.6930555555555555 0.5171875 0.7138888888888889
0 0.45859375 0.6930555555555555 0.46953125 0.6888888888888889 0.475 0.6708333333333333 0.475 0.6472222222222223 0.4671875 0.6347222222222222 0.44921875 0.6361111111111111 0.4375 0.6527777777777778 0.43671875 0.6680555555555555 0.45859375 0.6930555555555555
0 0.46015625 0.7402777777777778 0.50078125 0.7333333333333333 0.51328125 0.725 0.5109375 0.7013888888888888 0.48515625 0.6861111111111111 0.47578125 0.6888888888888889 0.453125 0.7097222222222223 0.45390625 0.7319444444444444 0.46015625 0.7402777777777778
0 0.40546875 0.7041666666666667 0.41953125 0.7027777777777777 0.43203125 0.7083333333333334 0.44296875 0.7055555555555556 0.4484375 0.6888888888888889 0.4359375 0.6694444444444444 0.425 0.6652777777777777 0.41171875 0.6694444444444444 0.403125 0.6833333333333333 0.40234375 0.6986111111111111 0.40546875 0.7041666666666667
0 0.4078125 0.7472222222222222 0.43515625 0.7513888888888889 0.44296875 0.7444444444444445 0.44296875 0.7222222222222222 0.4375 0.7111111111111111 0.42421875 0.7041666666666667 0.40546875 0.7055555555555556 0.403125 0.7111111111111111 0.403125 0.7402777777777778 0.4078125 0.7472222222222222
0 0.3609375 0.7333333333333333 0.38203125 0.7416666666666667 0.39765625 0.7416666666666667 0.40078125 0.7333333333333333 0.4015625 0.7041666666666667 0.396875 0.6986111111111111 0.3703125 0.6944444444444444 0.35546875 0.7097222222222223 0.3546875 0.7208333333333333 0.3609375 0.7333333333333333
0 0.32734375 0.6625 0.353125 0.6666666666666666 0.3578125 0.6638888888888889 0.3640625 0.6472222222222223 0.359375 0.6236111111111111 0.35078125 0.6111111111111112 0.32734375 0.6097222222222223 0.31484375 0.625 0.3140625 0.6388888888888888 0.32734375 0.6625
0 0.3296875 0.6083333333333333 0.359375 0.6138888888888889 0.3734375 0.5916666666666667 0.3734375 0.5833333333333334 0.3578125 0.5666666666666667 0.3453125 0.5652777777777778 0.33828125 0.5680555555555555 0.32890625 0.5930555555555556 0.32734375 0.6055555555555555 0.3296875 0.6083333333333333
0 0.3734375 0.4722222222222222 0.40859375 0.4722222222222222 0.40390625 0.45555555555555555 0.390625 0.4375 0.3796875 0.43472222222222223 0.36796875 0.44305555555555554 0.365625 0.4583333333333333 0.3734375 0.4722222222222222
0 0.359375 0.44305555555555554 0.37890625 0.43194444444444446 0.3765625 0.42083333333333334 0.36953125 0.4111111111111111 0.359375 0.4125 0.35078125 0.42083333333333334 0.34765625 0.43194444444444446 0.359375 0.44305555555555554
0 0.33671875 0.475 0.35546875 0.4708333333333333 0.35859375 0.4652777777777778 0.359375 0.44583333333333336 0.34609375 0.43333333333333335 0.334375 0.43194444444444446 0.325 0.44166666666666665 0.325 0.45416666666666666 0.33671875 0.475
0 0.2953125 0.525 0.30625 0.5472222222222223 0.32265625 0.5416666666666666 0.3265625 0.525 0.32421875 0.5125 0.31171875 0.5 0.3 0.5069444444444444 0.2953125 0.5152777777777777 0.2953125 0.525
0 0.33125 0.5194444444444445 0.3453125 0.5152777777777777 0.359375 0.49722222222222223 0.35859375 0.4847222222222222 0.35 0.47638888888888886 0.3390625 0.4791666666666667 0.3265625 0.49166666666666664 0.32578125 0.5083333333333333 0.33125 0.5194444444444445
0 0.36484375 0.5 0.37421875 0.5194444444444445 0.4125 0.5111111111111111 0.4109375 0.48333333333333334 0.40625 0.47638888888888886 0.37421875 0.4736111111111111 0.36328125 0.4791666666666667 0.36171875 0.4875 0.36484375 0.5
0 0.41875 0.4986111111111111 0.43125 0.5055555555555555 0.4390625 0.4986111111111111 0.43984375 0.48055555555555557 0.43515625 0.475 0.42109375 0.46805555555555556 0.4125 0.47638888888888886 0.41171875 0.49027777777777776 0.41875 0.4986111111111111
0 0.4140625 0.4708333333333333 0.4359375 0.4722222222222222 0.440625 0.45694444444444443 0.4296875 0.4388888888888889 0.41953125 0.4305555555555556 0.40625 0.4444444444444444 0.4046875 0.4527777777777778 0.4140625 0.4708333333333333
0 0.37578125 0.55 0.39296875 0.5444444444444444 0.4109375 0.5513888888888889 0.41328125 0.5430555555555555 0.4125 0.5319444444444444 0.40234375 0.5194444444444445 0.3859375 0.5180555555555556 0.371875 0.525 0.371875 0.5402777777777777 0.37578125 0.55
0 0.3890625 0.5930555555555556 0.40859375 0.5888888888888889 0.41796875 0.5777777777777777 0.4140625 0.5583333333333333 0.4 0.5444444444444444 0.37578125 0.5513888888888889 0.37109375 0.5583333333333333 0.36953125 0.5708333333333333 0.3890625 0.5930555555555556
0 0.36875 0.6430555555555556 0.37109375 0.6430555555555556 0.3828125 0.6319444444444444 0.40390625 0.6361111111111111 0.4046875 0.6319444444444444 0.403125 0.6263888888888889 0.40859375 0.6083333333333333 0.42109375 0.5916666666666667 0.41875 0.5861111111111111 0.4140625 0.5861111111111111 0.396875 0.5916666666666667 0.38046875 0.5930555555555556 0.3671875 0.6041666666666666 0.3609375 0.6138888888888889 0.36015625 0.6208333333333333 0.36875 0.6430555555555556
0 0.3375 0.5625 0.3640625 0.5652777777777778 0.3703125 0.5555555555555556 0.36953125 0.5347222222222222 0.3625 0.5208333333333334 0.340625 0.5180555555555556 0.33046875 0.5277777777777778 0.3296875 0.5458333333333333 0.3375 0.5625
0 0.303125 0.5958333333333333 0.32421875 0.6041666666666666 0.33671875 0.5666666666666667 0.33515625 0.5611111111111111 0.32421875 0.5444444444444444 0.3140625 0.5458333333333333 0.3046875 0.5541666666666667 0.29921875 0.5736111111111111 0.303125 0.5958333333333333
0 0.2734375 0.6430555555555556 0.2953125 0.6541666666666667 0.31484375 0.6555555555555556 0.31796875 0.65 0.31328125 0.6388888888888888 0.31328125 0.6277777777777778 0.3234375 0.6083333333333333 0.31953125 0.6013888888888889 0.3109375 0.5986111111111111 0.27578125 0.5986111111111111 0.26640625 0.6125 0.26640625 0.6277777777777778 0.2734375 0.6430555555555556
0 0.2734375 0.6 0.3 0.5958333333333333 0.296875 0.5694444444444444 0.28671875 0.5541666666666667 0.271875 0.5541666666666667 0.26484375 0.5652777777777778 0.265625 0.5875 0.2734375 0.6
0 0.26796875 0.5555555555555556 0.2765625 0.5527777777777778 0.29296875 0.5583333333333333 0.30078125 0.5527777777777778 0.30078125 0.5430555555555555 0.29296875 0.5277777777777778 0.2828125 0.525 0.265625 0.5347222222222222 0.2640625 0.5458333333333333 0.26796875 0.5555555555555556
0 0.2859375 0.525 0.296875 0.5222222222222223 0.29921875 0.5069444444444444 0.30546875 0.5 0.296875 0.4847222222222222 0.2796875 0.49722222222222223 0.2796875 0.5111111111111111 0.2859375 0.525
0 0.29765625 0.48333333333333334 0.3046875 0.4888888888888889 0.30859375 0.49583333333333335 0.31640625 0.5 0.321875 0.5 0.3234375 0.4986111111111111 0.3265625 0.4888888888888889 0.33203125 0.48333333333333334 0.33359375 0.4777777777777778 0.33359375 0.475 0.32734375 0.4625 0.32421875 0.4583333333333333 0.3171875 0.4527777777777778 0.2984375 0.4652777777777778 0.296875 0.4666666666666667 0.29765625 0.48333333333333334
0 0.2921875 0.45694444444444443 0.296875 0.4666666666666667 0.2984375 0.4652777777777778 0.30078125 0.4652777777777778 0.309375 0.4597222222222222 0.3171875 0.4527777777777778 0.31328125 0.4444444444444444 0.30703125 0.4375 0.30234375 0.4375 0.3015625 0.4388888888888889 0.29921875 0.4388888888888889 0.29765625 0.44027777777777777 0.29296875 0.4486111111111111 0.2921875 0.4513888888888889 0.2921875 0.45694444444444443