0 0.3440082644628099 0.6556756756756756 0.34607438016528924 0.6735135135135135 0.359504132231405 0.6816216216216217 0.375 0.6859459459459459 0.3822314049586777 0.692972972972973 0.3956611570247934 0.6994594594594594 0.4214876033057851 0.7037837837837838 0.4297520661157025 0.7091891891891892 0.4380165289256198 0.7108108108108108 0.4659090909090909 0.7097297297297297 0.5103305785123967 0.6956756756756757 0.5196280991735537 0.6945945945945946 0.5330578512396694 0.6875675675675675 0.5475206611570248 0.6643243243243243 0.5692148760330579 0.6535135135135135 0.5909090909090909 0.6227027027027027 0.6002066115702479 0.6156756756756757 0.6043388429752066 0.6037837837837838 0.612603305785124 0.5951351351351352 0.6146694214876033 0.5821621621621622 0.6105371900826446 0.5735135135135135 0.6105371900826446 0.5540540540540541 0.5950413223140496 0.5313513513513514 0.5795454545454546 0.5227027027027027 0.5578512396694215 0.5167567567567568 0.5402892561983471 0.5016216216216216 0.5020661157024794 0.4983783783783784 0.45867768595041325 0.5027027027027027 0.44214876033057854 0.5054054054054054 0.43388429752066116 0.5102702702702703 0.4132231404958678 0.5151351351351351 0.38739669421487605 0.5302702702702703 0.371900826446281 0.532972972972973 0.34607438016528924 0.5572972972972973 0.3409090909090909 0.5697297297297297 0.3274793388429752 0.5864864864864865 0.3202479338842975 0.6113513513513513 0.3440082644628099 0.6556756756756756
3 0.375 0.5545945945945946 0.3915289256198347 0.5610810810810811 0.4142561983471074 0.5616216216216217 0.45144628099173556 0.5437837837837838 0.47107438016528924 0.5378378378378378 0.46487603305785125 0.5081081081081081 0.4762396694214876 0.5054054054054054 0.4452479338842975 0.5054054054054054 0.4194214876033058 0.512972972972973 0.37293388429752067 0.538918918918919 0.37086776859504134 0.5502702702702703 0.375 0.5545945945945946
3 0.493801652892562 0.505945945945946 0.5165289256198347 0.5156756756756756 0.5289256198347108 0.527027027027027 0.5361570247933884 0.5264864864864864 0.5516528925619835 0.5172972972972973 0.5495867768595041 0.5064864864864865 0.5382231404958677 0.5010810810810811 0.5010330578512396 0.4972972972972973 0.4834710743801653 0.5037837837837837 0.4824380165289256 0.5054054054054054 0.493801652892562 0.505945945945946
3 0.5640495867768595 0.5524324324324325 0.5681818181818182 0.5556756756756757 0.5764462809917356 0.5562162162162162 0.5878099173553719 0.5535135135135135 0.6002066115702479 0.547027027027027 0.6002066115702479 0.5405405405405406 0.5909090909090909 0.5281081081081082 0.5733471074380165 0.5216216216216216 0.5516528925619835 0.5194594594594595 0.5289256198347108 0.5313513513513514 0.5320247933884298 0.5443243243243243 0.5640495867768595 0.5524324324324325
3 0.5320247933884298 0.5648648648648649 0.5361570247933884 0.5718918918918919 0.5413223140495868 0.5713513513513514 0.5506198347107438 0.5756756756756757 0.5568181818181818 0.5718918918918919 0.5640495867768595 0.5713513513513514 0.5681818181818182 0.5643243243243243 0.5650826446280992 0.5583783783783783 0.5330578512396694 0.5362162162162162 0.518595041322314 0.5481081081081081 0.518595041322314 0.56 0.5320247933884298 0.5648648648648649
3 0.4824380165289256 0.5772972972972973 0.490702479338843 0.5794594594594594 0.5144628099173554 0.5740540540540541 0.5237603305785123 0.5643243243243243 0.5092975206611571 0.547027027027027 0.4855371900826446 0.5454054054054054 0.4731404958677686 0.5562162162162162 0.47210743801652894 0.5643243243243243 0.4824380165289256 0.5772972972972973
3 0.5278925619834711 0.5962162162162162 0.5402892561983471 0.5994594594594594 0.5557851239669421 0.5978378378378378 0.5547520661157025 0.58 0.5444214876033058 0.5724324324324325 0.5299586776859504 0.5713513513513514 0.5206611570247934 0.5778378378378378 0.5196280991735537 0.5875675675675676 0.5278925619834711 0.5962162162162162
3 0.4824380165289256 0.6032432432432432 0.4896694214876033 0.6032432432432432 0.490702479338843 0.601081081081081 0.5020661157024794 0.6021621621621621 0.5165289256198347 0.5989189189189189 0.5206611570247934 0.5794594594594594 0.5051652892561983 0.5724324324324325 0.48863636363636365 0.5713513513513514 0.47210743801652894 0.585945945945946 0.47107438016528924 0.5924324324324325 0.4824380165289256 0.6032432432432432
3 0.4731404958677686 0.6183783783783784 0.47417355371900827 0.6216216216216216 0.4772727272727273 0.6232432432432432 0.4834710743801653 0.6232432432432432 0.48760330578512395 0.6248648648648648 0.493801652892562 0.6308108108108108 0.4989669421487603 0.6308108108108108 0.5051652892561983 0.6345945945945946 0.5092975206611571 0.6318918918918919 0.5144628099173554 0.6318918918918919 0.5175619834710744 0.632972972972973 0.5216942148760331 0.6308108108108108 0.5247933884297521 0.6308108108108108 0.5320247933884298 0.6118918918918919 0.5320247933884298 0.607027027027027 0.5175619834710744 0.6 0.4989669421487603 0.601081081081081 0.493801652892562 0.6043243243243244 0.4896694214876033 0.6037837837837838 0.4855371900826446 0.6064864864864865 0.48863636363636365 0.6102702702702703 0.4731404958677686 0.6183783783783784
3 0.42458677685950413 0.6286486486486487 0.43491735537190085 0.6351351351351351 0.4493801652892562 0.6297297297297297 0.4617768595041322 0.6297297297297297 0.46797520661157027 0.6264864864864865 0.4772727272727273 0.6108108108108108 0.4772727272727273 0.5994594594594594 0.4731404958677686 0.5956756756756757 0.4700413223140496 0.5940540540540541 0.45144628099173556 0.5940540540540541 0.43491735537190085 0.5978378378378378 0.4256198347107438 0.6032432432432432 0.42045454545454547 0.6097297297297297 0.42458677685950413 0.6286486486486487
3 0.40289256198347106 0.6410810810810811 0.42355371900826444 0.6502702702702703 0.4297520661157025 0.6497297297297298 0.44421487603305787 0.6345945945945946 0.44008264462809915 0.6270270270270271 0.41115702479338845 0.6205405405405405 0.39669421487603307 0.6221621621621621 0.39669421487603307 0.6318918918918919 0.40289256198347106 0.6410810810810811
3 0.45454545454545453 0.652972972972973 0.46384297520661155 0.6518918918918919 0.4700413223140496 0.654054054054054 0.4855371900826446 0.6508108108108108 0.4989669421487603 0.6427027027027027 0.49586776859504134 0.6372972972972973 0.47210743801652894 0.6286486486486487 0.4535123966942149 0.6297297297297297 0.44214876033057854 0.6362162162162163 0.4431818181818182 0.6486486486486487 0.45454545454545453 0.652972972972973