0 0.5388398058252427 0.6341804878048781 0.49086407766990287 0.6897756097560975 0.4695048543689321 0.7254682926829269 0.44002912621359225 0.7851121951219513 0.4111747572815534 0.8435024390243903 0.4194126213592233 0.8864243902439025 0.465747572815534 0.9342536585365854 0.46715048543689325 0.9342536585365854 0.49574271844660195 0.9420000000000001 0.5455679611650486 0.9442585365853658 0.6079757281553397 0.9584536585365854 0.6375194174757282 0.9448243902439024 0.6745582524271845 0.923 0.6840922330097088 0.8884097560975609 0.6726844660194176 0.8465365853658536 0.6654563106796116 0.7769414634146341 0.6422572815533981 0.6622585365853659 0.5933592233009709 0.6198926829268293 0.5388398058252427 0.6341804878048781
0 0.33179126213592236 0.6591121951219512 0.3255631067961165 0.6830682926829268 0.3498398058252427 0.7422487804878048 0.3540679611650486 0.7851853658536585 0.3857766990291262 0.8192292682926829 0.41351456310679613 0.8127609756097561 0.44472815533980586 0.7653853658536586 0.4734854368932039 0.7073756097560976 0.4627912621359223 0.6846292682926829 0.4466601941747573 0.6628195121951219 0.42836407766990287 0.6450439024390244 0.3915533980582524 0.6302292682926829 0.34767961165048544 0.6315073170731708 0.33179126213592236 0.6591121951219512
0 0.2393252427184466 0.6750439024390243 0.21436893203883495 0.6920536585365854 0.1812912621359223 0.7175170731707318 0.18219417475728153 0.775390243902439 0.2145242718446602 0.8345902439024391 0.24325728155339804 0.8805121951219512 0.2960679611650486 0.8896292682926829 0.359373786407767 0.8739951219512195 0.3766747572815534 0.8572048780487805 0.37417961165048547 0.8280341463414634 0.36150485436893204 0.7950926829268292 0.34179126213592237 0.7571707317073171 0.32051941747572815 0.7103024390243902 0.3080970873786408 0.6718390243902439 0.27340291262135924 0.6583756097560977 0.2393252427184466 0.6750439024390243
0 0.48968932038834956 0.42889756097560977 0.4391504854368932 0.4348878048780488 0.4011504854368932 0.455190243902439 0.3694514563106796 0.4933414634146342 0.3694514563106796 0.5569463414634147 0.38182524271844664 0.6494634146341463 0.44169417475728157 0.6658048780487805 0.5144514563106797 0.6432878048780487 0.5725194174757281 0.5907121951219513 0.5878058252427184 0.5436 0.5640728155339806 0.4839512195121951 0.5261067961165049 0.4245219512195122 0.48968932038834956 0.42889756097560977
0 0.23121359223300972 0.4548341463414634 0.2028592233009709 0.47756585365853654 0.19904368932038835 0.5284341463414634 0.2024708737864078 0.5910780487804879 0.24485436893203882 0.6531609756097561 0.2960679611650486 0.6585560975609756 0.34597087378640773 0.6102829268292683 0.3396407766990291 0.5779756097560975 0.37456796116504854 0.5168536585365854 0.4032233009708738 0.45661463414634146 0.3900922330097087 0.4342390243902439 0.32589805825242724 0.43458536585365853 0.24796601941747573 0.4416634146341463 0.23121359223300972 0.4548341463414634
0 0.043407766990291266 0.6711658536585365 0.022728155339805826 0.6796243902439024 0.022728155339805826 0.7468829268292683 0.0324126213592233 0.802380487804878 0.05968932038834951 0.8273268292682927 0.09629611650485437 0.8341512195121952 0.13080097087378642 0.8477414634146342 0.18827184466019417 0.8512000000000001 0.19138349514563105 0.8170000000000001 0.17014077669902913 0.7220341463414633 0.14044174757281555 0.6822878048780487 0.10889320388349513 0.6512878048780488 0.043407766990291266 0.6711658536585365
0 0.09544174757281554 0.5460731707317072 0.056364077669902916 0.5885560975609756 0.043077669902912626 0.6378780487804877 0.04983495145631068 0.6662731707317073 0.1028495145631068 0.6434634146341464 0.13782038834951454 0.6706146341463415 0.1900242718446602 0.6929658536585366 0.23607766990291262 0.662009756097561 0.22916990291262138 0.638990243902439 0.2162766990291262 0.6036731707317073 0.19333495145631066 0.5554243902439024 0.19059708737864076 0.534219512195122 0.12318932038834951 0.5309317073170732 0.09544174757281554 0.5460731707317072
0 0.08266019417475727 0.44688780487804874 0.1101601941747573 0.5239219512195121 0.18888349514563105 0.5253512195121951 0.21071844660194175 0.45265853658536587 0.2591456310679612 0.43535121951219513 0.31644660194174756 0.4322 0.31644660194174756 0.38038048780487804 0.3137669902912621 0.338619512195122 0.28921359223300974 0.32689268292682927 0.2204126213592233 0.32689268292682927 0.156126213592233 0.32037073170731706 0.08468446601941748 0.3938536585365853 0.08266019417475727 0.44688780487804874
0 0.2966747572815534 0.14285853658536585 0.2668592233009709 0.16015609756097562 0.24802427184466022 0.1799609756097561 0.20617961165048543 0.1957170731707317 0.1795388349514563 0.23465365853658537 0.17531067961165048 0.28671219512195123 0.19521844660194176 0.3188780487804878 0.25824757281553395 0.3221414634146342 0.29707281553398057 0.3221414634146342 0.34292233009708734 0.3503560975609756 0.3680291262135922 0.28129268292682924 0.3840873786407767 0.20132682926829268 0.38311165048543694 0.1625609756097561 0.3319320388349515 0.1344780487804878 0.2966747572815534 0.14285853658536585
0 0.4066844660194175 0.1704878048780488 0.38090291262135917 0.20602926829268292 0.3805631067961165 0.2544682926829268 0.4114902912621359 0.3027658536585366 0.4629466019417476 0.3030926829268293 0.5118009708737864 0.2774439024390244 0.5192087378640776 0.21852195121951218 0.5192087378640776 0.16810243902439023 0.48091747572815535 0.1624829268292683 0.42901941747572814 0.14898048780487805 0.4066844660194175 0.1704878048780488
0 0.7333349514563107 0.14469756097560976 0.6972669902912622 0.17398536585365854 0.652621359223301 0.23336097560975608 0.6645 0.3132634146341463 0.6775825242718446 0.35627804878048785 0.7682281553398058 0.3561560975609756 0.8397184466019417 0.3367658536585366 0.8709854368932038 0.2929756097560976 0.8817815533980582 0.17577560975609755 0.8492961165048545 0.143390243902439 0.7530825242718446 0.13842926829268293 0.7333349514563107 0.14469756097560976
0 0.8816504854368932 0.29000000000000004 0.842495145631068 0.3302829268292683 0.8131310679611651 0.36895121951219517 0.7551067961165048 0.41498048780487806 0.7752766990291262 0.4846682926829268 0.8152087378640777 0.5437268292682926 0.8602038834951456 0.5517073170731707 0.8895873786407766 0.46266341463414634 0.9149902912621359 0.3618 0.9125145631067961 0.29890243902439023 0.8816504854368932 0.29000000000000004
0 0.6757912621359223 0.35484390243902436 0.6366601941747572 0.36392682926829273 0.6040194174757282 0.40168292682926826 0.582252427184466 0.46507804878048775 0.5982135922330097 0.541180487804878 0.6526359223300972 0.5634926829268293 0.7429660194174756 0.5325512195121951 0.7641601941747573 0.47914146341463415 0.7480242718446601 0.40538536585365853 0.7045388349514563 0.3638780487804878 0.6757912621359223 0.35484390243902436
0 0.617242718446602 0.14978048780487804 0.579514563106796 0.14330731707317074 0.5362475728155339 0.15246341463414634 0.5137281553398059 0.18677560975609755 0.5161407766990291 0.2639756097560976 0.5236456310679611 0.29910731707317073 0.5639611650485437 0.3661463414634146 0.6445825242718446 0.3667951219512195 0.6534126213592233 0.3199560975609756 0.6465388349514564 0.25274146341463416 0.6857378640776699 0.18815609756097562 0.653373786407767 0.1582048780487805 0.617242718446602 0.14978048780487804
0 0.7118689320388351 0.5274 0.676121359223301 0.5584536585365854 0.640504854368932 0.6311853658536586 0.669893203883495 0.7354048780487805 0.6914854368932039 0.7967414634146341 0.7579805825242719 0.7986731707317074 0.7650873786407767 0.7388634146341464 0.8032621359223301 0.7354585365853659 0.8239563106796117 0.631390243902439 0.7570194174757281 0.5405414634146342 0.7118689320388351 0.5274
0 0.42872330097087374 0.3980682926829268 0.4403883495145631 0.4323853658536585 0.5317815533980582 0.41990243902439023 0.5655339805825242 0.4646878048780488 0.5824854368932039 0.4598780487804878 0.5835485436893204 0.3953170731707317 0.5649417475728156 0.37275609756097566 0.525995145631068 0.2991219512195122 0.4865291262135922 0.297790243902439 0.43076699029126214 0.3391658536585366 0.42872330097087374 0.3980682926829268