0 0.19902912621359223 0.2097560975609756 0.20388349514563106 0.2731707317073171 0.23300970873786409 0.3024390243902439 0.2524271844660194 0.2975609756097561 0.2912621359223301 0.3024390243902439 0.33495145631067963 0.2926829268292683 0.3446601941747573 0.2780487804878049 0.3592233009708738 0.2780487804878049 0.3737864077669903 0.2682926829268293 0.3786407766990291 0.25365853658536586 0.4029126213592233 0.22926829268292684 0.4029126213592233 0.13658536585365855 0.3932038834951456 0.11219512195121951 0.3737864077669903 0.1073170731707317 0.33980582524271846 0.07804878048780488 0.3155339805825243 0.09268292682926829 0.2912621359223301 0.09268292682926829 0.23300970873786409 0.15121951219512195 0.21844660194174756 0.1902439024390244 0.19902912621359223 0.2097560975609756
0 0.7135922330097088 0.23414634146341465 0.7135922330097088 0.25365853658536586 0.7427184466019418 0.3170731707317073 0.7621359223300971 0.33170731707317075 0.7864077669902912 0.33170731707317075 0.7912621359223301 0.34146341463414637 0.8689320388349514 0.34146341463414637 0.8932038834951457 0.24878048780487805 0.912621359223301 0.2 0.8980582524271845 0.15121951219512195 0.883495145631068 0.13658536585365855 0.8786407766990292 0.12195121951219512 0.8592233009708737 0.1024390243902439 0.8446601941747572 0.0975609756097561 0.7718446601941747 0.1024390243902439 0.7572815533980582 0.1073170731707317 0.7184466019417476 0.15121951219512195 0.7233009708737864 0.22439024390243903 0.7135922330097088 0.23414634146341465
0 0.5172233009708738 0.14626341463414635 0.499626213592233 0.18822439024390245 0.4962864077669903 0.23758048780487806 0.48049514563106793 0.3018390243902439 0.5134029126213592 0.3310390243902439 0.5691699029126214 0.3324 0.6381747572815534 0.32875609756097557 0.6938203883495145 0.29789756097560977 0.7140631067961165 0.23798536585365854 0.7218932038834952 0.20297560975609755 0.7218932038834952 0.14842926829268294 0.7055242718446602 0.13719024390243903 0.6373203883495147 0.12281463414634146 0.5411359223300971 0.12784878048780488 0.5172233009708738 0.14626341463414635
0 0.43316019417475726 0.12034634146341464 0.419 0.13333170731707317 0.4078009708737864 0.1644829268292683 0.4078009708737864 0.2044341463414634 0.43023300970873785 0.24644878048780486 0.4801116504854369 0.2642390243902439 0.4970097087378641 0.2638634146341463 0.5020291262135923 0.23121951219512193 0.5030776699029126 0.18171219512195122 0.5328349514563107 0.12165365853658537 0.5267864077669903 0.10255609756097561 0.484126213592233 0.1015170731707317 0.43316019417475726 0.12034634146341464
0 0.12232038834951456 0.30230243902439025 0.07476699029126213 0.3572 0.05900485436893203 0.41965853658536584 0.07548058252427184 0.4860780487804878 0.1051990291262136 0.5395268292682927 0.1910242718446602 0.5402390243902438 0.25660679611650483 0.4967365853658537 0.2618495145631068 0.41321463414634146 0.2621941747572816 0.34880487804878046 0.17449514563106794 0.29795609756097563 0.12232038834951456 0.30230243902439025
0 0.6156067961165048 0.5288439024390243 0.6784174757281553 0.5027024390243903 0.7089271844660193 0.48852682926829266 0.6951601941747573 0.4168878048780488 0.7193737864077671 0.3713658536585366 0.7242427184466019 0.3382195121951219 0.7244320388349514 0.3114585365853658 0.7084029126213592 0.29653658536585364 0.6715631067961165 0.29653658536585364 0.6039368932038836 0.33856585365853664 0.5664757281553399 0.33898536585365857 0.5376116504854369 0.35970243902439025 0.536126213592233 0.3981707317073171 0.530873786407767 0.4067121951219512 0.5478592233009708 0.5062341463414635 0.6156067961165048 0.5288439024390243
0 0.7379708737864077 0.35012195121951223 0.7253203883495145 0.37460487804878045 0.7100485436893205 0.40287804878048783 0.7100485436893205 0.4403804878048781 0.7289271844660193 0.49585853658536583 0.7496990291262136 0.520409756097561 0.7942864077669902 0.5471609756097562 0.8184854368932039 0.5293024390243902 0.8539951456310679 0.4372829268292683 0.8700485436893204 0.3816536585365854 0.8884708737864078 0.33531707317073167 0.858868932038835 0.33622439024390244 0.7792233009708739 0.3336 0.7362087378640776 0.35003902439024387 0.7379708737864077 0.35012195121951223
0 0.6130776699029126 0.6056536585365854 0.6107281553398058 0.6471609756097562 0.6348349514563107 0.6985317073170733 0.7014902912621359 0.7099317073170732 0.7505922330097088 0.7079609756097561 0.7571893203883495 0.6724487804878049 0.7625582524271844 0.6182292682926829 0.7638349514563106 0.5717707317073171 0.7505679611650485 0.5436 0.7068760097087379 0.5108104341463414 0.680121359223301 0.5073463414634146 0.6330388349514563 0.5269121951219512 0.6130776699029126 0.5481073170731707 0.6130776699029126 0.6056536585365854
0 0.3782038834951456 0.33855121951219513 0.3615776699029126 0.4069317073170732 0.3494854368932039 0.46275121951219517 0.37474757281553395 0.5053951219512195 0.44059223300970873 0.5199121951219512 0.4924466019417476 0.5156780487804878 0.5227184466019418 0.4686 0.5239854368932039 0.4355512195121951 0.525242718446602 0.3641121951219512 0.49063592233009706 0.3229073170731707 0.4649563106796117 0.2982292682926829 0.4174417475728155 0.3053365853658537 0.3782038834951456 0.33855121951219513
0 0.27695145631067963 0.3202926829268293 0.26371844660194177 0.3601853658536585 0.26371844660194177 0.4160439024390244 0.2653980582524272 0.4554439024390244 0.29701941747572813 0.48986341463414634 0.34861165048543685 0.5071951219512195 0.3586359223300971 0.48233658536585367 0.3570339805825243 0.44278048780487805 0.3612233009708738 0.38038048780487804 0.4021601941747573 0.31230243902439025 0.4117912621359223 0.29810731707317073 0.3778398058252427 0.2800390243902439 0.3357184466019418 0.2956780487804878 0.29138349514563106 0.30997560975609756 0.27695145631067963 0.3202926829268293
0 0.2134757281553398 0.5926634146341463 0.19485922330097086 0.628570731707317 0.1646504854368932 0.6625414634146342 0.13734466019417477 0.7076536585365854 0.13683495145631067 0.7632975609756097 0.14277184466019419 0.8168048780487804 0.2333495145631068 0.8578780487804879 0.3117621359223301 0.8578780487804879 0.34014077669902915 0.8294731707317073 0.3181456310679612 0.7982341463414634 0.3077864077669903 0.7586780487804878 0.3077864077669903 0.7190975609756097 0.31226213592233004 0.6624 0.3110970873786408 0.6168146341463415 0.28824271844660193 0.5790634146341463 0.25181553398058254 0.5711560975609756 0.2134757281553398 0.5926634146341463
0 0.514378640776699 0.5884 0.4905097087378641 0.6018146341463415 0.4509708737864078 0.6235853658536585 0.39712621359223305 0.6488975609756098 0.36756796116504853 0.6802341463414634 0.33122330097087377 0.7060878048780488 0.3291456310679612 0.7512341463414633 0.32786407766990294 0.7922048780487804 0.34672815533980583 0.8462341463414634 0.3826359223300971 0.8761512195121951 0.45038349514563103 0.8971512195121951 0.5163300970873786 0.9029317073170732 0.5712330097087379 0.8958682926829268 0.6017378640776699 0.8677317073170732 0.622009708737864 0.8019073170731706 0.6270970873786407 0.7464682926829269 0.6227184466019418 0.6906731707317073 0.6159951456310679 0.6523853658536586 0.5841213592233009 0.6167756097560976 0.5324077669902912 0.5865170731707318 0.514378640776699 0.5884
0 0.4060291262135922 0.5200634146341463 0.38712621359223304 0.5240682926829268 0.3615 0.5390780487804878 0.3289805825242718 0.5596243902439024 0.3104126213592233 0.5994878048780488 0.32110194174757284 0.6224390243902439 0.32272330097087376 0.6692975609756097 0.33201941747572816 0.6700829268292683 0.3660825242718446 0.6700829268292683 0.38319417475728157 0.6482634146341464 0.4062718446601941 0.6416926829268292 0.45213106796116503 0.613370731707317 0.48666019417475725 0.5968975609756098 0.48666019417475725 0.5818439024390244 0.48174757281553393 0.5642634146341464 0.48174757281553393 0.5341170731707318 0.42958737864077673 0.5175170731707317 0.41722330097087373 0.5234780487804879 0.4060291262135922 0.5200634146341463
0 0.11502912621359224 0.542609756097561 0.103 0.571990243902439 0.07217961165048543 0.5991219512195122 0.06464563106796116 0.6246975609756097 0.05239805825242719 0.651380487804878 0.02824271844660194 0.6855512195121952 0.025946601941747572 0.7161560975609756 0.025946601941747572 0.7692146341463414 0.040718446601941745 0.7814146341463415 0.07135436893203884 0.7977560975609755 0.11598058252427185 0.8152975609756097 0.138621359223301 0.8203073170731708 0.1255242718446602 0.745980487804878 0.13944660194174757 0.6931121951219512 0.16468446601941747 0.6636634146341462 0.19454368932038835 0.6150097560975609 0.19393203883495147 0.5941219512195122 0.19393203883495147 0.5504292682926829 0.15199029126213592 0.5404292682926829 0.11502912621359224 0.542609756097561
0 0.6278203883495145 0.7615268292682926 0.6278203883495145 0.8055951219512195 0.6108446601941748 0.8608585365853658 0.5691844660194174 0.8974878048780488 0.5609854368932039 0.9089658536585365 0.592252427184466 0.9249317073170731 0.6151407766990291 0.9163658536585365 0.6772864077669902 0.8759170731707316 0.7025776699029126 0.7993756097560977 0.717373786407767 0.7355365853658536 0.7041941747572815 0.7138487804878049 0.6475242718446601 0.7021951219512195 0.6278203883495145 0.7615268292682926