0 0.1504514563106796 0.7216975609756098 0.1763155339805825 0.8241609756097561 0.24702912621359222 0.8665756097560975 0.2830728155339806 0.8273902439024391 0.3261941747572815 0.6789024390243903 0.23500970873786406 0.5838829268292682 0.1699854368932039 0.6040487804878049 0.1504514563106796 0.7216975609756098
0 0.014441747572815534 0.6530682926829268 0.022383495145631066 0.7740487804878049 0.133373786407767 0.8242829268292683 0.15897087378640776 0.7900292682926828 0.1466359223300971 0.7087365853658536 0.17542233009708738 0.603819512195122 0.1304126213592233 0.5535756097560975 0.06953398058252427 0.5537268292682926 0.014441747572815534 0.6530682926829268
0 0.18370388349514566 0.6046634146341463 0.241626213592233 0.5826243902439024 0.290995145631068 0.6472536585365855 0.3037961165048544 0.5735658536585366 0.34644174757281554 0.529590243902439 0.31877669902912625 0.4858585365853659 0.2545970873786408 0.4858585365853659 0.15743689320388352 0.5642731707317074 0.18370388349514566 0.6046634146341463
0 0.3044757281553398 0.6433073170731707 0.3328592233009709 0.683590243902439 0.35684466019417477 0.6677317073170731 0.4106067961165048 0.6294975609756097 0.47561650485436896 0.6580243902439025 0.4698300970873786 0.5940585365853658 0.46633495145631065 0.5367609756097561 0.44858252427184464 0.5301170731707318 0.4002281553398058 0.525180487804878 0.3570242718446602 0.5285463414634146 0.3083203883495146 0.5695463414634147 0.3044757281553398 0.6433073170731707
0 0.3381844660194175 0.8761268292682927 0.4329223300970874 0.9012487804878049 0.4887961165048543 0.8415317073170733 0.5103640776699029 0.7600097560975609 0.49393203883495146 0.6717902439024391 0.4165388349514563 0.6300780487804878 0.331373786407767 0.6832439024390243 0.2976893203883495 0.8271024390243903 0.3381844660194175 0.8761268292682927
0 0.5893398058252427 0.9346292682926829 0.6444417475728155 0.9058731707317074 0.6868495145631068 0.8773951219512196 0.7254563106796116 0.7733121951219512 0.6761941747572815 0.6865658536585366 0.6156116504854369 0.6441902439024391 0.5211699029126213 0.7207317073170731 0.5038058252427184 0.8266292682926829 0.5233349514563107 0.9119609756097561 0.5893398058252427 0.9346292682926829
0 0.5050825242718446 0.6743024390243902 0.5343543689320388 0.6743024390243902 0.5947718446601942 0.6316682926829268 0.6385873786407767 0.6539560975609756 0.6310436893203883 0.5550439024390245 0.5861844660194175 0.526819512195122 0.5040242718446601 0.604019512195122 0.5050825242718446 0.6743024390243902
0 0.6461116504854368 0.6575365853658536 0.6806456310679612 0.6807170731707317 0.7258592233009709 0.7594048780487804 0.7428932038834951 0.7146975609756098 0.7685291262135923 0.7068146341463414 0.8075970873786408 0.6067658536585366 0.7783932038834951 0.5644146341463414 0.7074320388349514 0.5380975609756098 0.6455000000000001 0.581409756097561 0.6461116504854368 0.6575365853658536
0 0.6996844660194175 0.5323073170731708 0.7618349514563106 0.5473219512195122 0.8142961165048543 0.5922341463414634 0.8898009708737864 0.37633170731707316 0.8656893203883494 0.34370243902439024 0.8063300970873787 0.3202634146341463 0.733368932038835 0.348219512195122 0.6691165048543689 0.4627560975609756 0.6708058252427185 0.5041658536585366 0.6996844660194175 0.5323073170731708
0 0.5150485436893204 0.45309268292682925 0.5190631067961166 0.4858292682926829 0.5638252427184466 0.5400780487804878 0.5959660194174757 0.527770731707317 0.6319611650485437 0.5564097560975609 0.6732087378640778 0.5484439024390244 0.6836699029126214 0.5215609756097561 0.6641116504854369 0.49631219512195124 0.6746407766990291 0.4416536585365854 0.7024805825242719 0.3802878048780488 0.6381504854368932 0.33711219512195123 0.5785194174757281 0.36218536585365857 0.5313543689320388 0.4258390243902439 0.5150485436893204 0.45309268292682925
0 0.3914126213592233 0.39046341463414636 0.41301456310679613 0.4493560975609756 0.45736893203883494 0.5016878048780488 0.5271844660194175 0.49955609756097563 0.5127427184466019 0.44953658536585367 0.5823932038834951 0.3635707317073171 0.5688495145631068 0.31677560975609753 0.5354320388349515 0.2748 0.4964368932038835 0.26849268292682926 0.4080291262135922 0.34146341463414637 0.3914126213592233 0.39046341463414636
0 0.24884951456310678 0.4262487804878049 0.2726699029126214 0.46154146341463415 0.29281067961165047 0.4734536585365854 0.32824757281553396 0.5102780487804878 0.3912912621359223 0.5089024390243903 0.4230776699029126 0.46432195121951225 0.4070194174757282 0.44654634146341465 0.3911990291262136 0.38956585365853663 0.40235436893203885 0.35895609756097563 0.4433106796116505 0.30449756097560976 0.4053980582524272 0.2540487804878049 0.3070242718446602 0.2913170731707317 0.24796601941747573 0.36651219512195127 0.24884951456310678 0.4262487804878049