0 0.2699432624113475 0.7290733944954128 0.269290780141844 0.8288623853211009 0.36009219858156033 0.8833669724770643 0.3959290780141844 0.8493577981651376 0.3828652482269504 0.7814036697247707 0.3882056737588653 0.687045871559633 0.3741418439716312 0.6727798165137615 0.3081914893617021 0.6720091743119265 0.2699432624113475 0.7290733944954128
0 0.2716950354609929 0.7348899082568807 0.31631205673758866 0.660045871559633 0.3719078014184397 0.6661192660550459 0.39606382978723403 0.6349633027522935 0.35314893617021276 0.6085412844036697 0.3302695035460993 0.6015504587155963 0.23385815602836876 0.705394495412844 0.22098581560283687 0.7751651376146789 0.2619432624113475 0.8326788990825688 0.2716950354609929 0.7348899082568807
0 0.41119148936170213 0.6661926605504587 0.39673758865248226 0.7860091743119266 0.4109645390070922 0.8974770642201835 0.5121702127659574 0.9281009174311926 0.5457021276595745 0.9071651376146789 0.5641063829787234 0.796954128440367 0.567354609929078 0.6811926605504587 0.466645390070922 0.6076330275229358 0.41119148936170213 0.6661926605504587
0 0.5293333333333333 0.7940366972477064 0.5300283687943262 0.8921467889908257 0.6352127659574468 0.9232660550458716 0.7057304964539006 0.8615412844036697 0.6671985815602837 0.7296605504587156 0.624113475177305 0.6271926605504587 0.5510425531914894 0.622467889908257 0.5293333333333333 0.7940366972477064
0 0.7154255319148937 0.8032935779816514 0.7415035460992908 0.6963119266055046 0.6602198581560283 0.6788990825688074 0.7154255319148937 0.8032935779816514
0 0.588 0.18915596330275228 0.574581560283688 0.2008623853211009 0.5418297872340425 0.3187064220183486 0.547063829787234 0.38402752293577985 0.5816170212765958 0.40299082568807343 0.6269361702127659 0.4530366972477064 0.6645744680851063 0.3876697247706422 0.6766524822695036 0.29444036697247705 0.674531914893617 0.21974311926605505 0.6137943262411347 0.1818165137614679 0.588 0.18915596330275228
0 0.6653333333333333 0.38887155963302755 0.6218226950354611 0.4442660550458715 0.6174751773049645 0.5445963302752294 0.6711489361702128 0.6492201834862386 0.7506241134751772 0.6809174311926606 0.8030851063829787 0.5297981651376147 0.7583971631205674 0.4177155963302752 0.6860070921985816 0.397 0.6653333333333333 0.38887155963302755
0 0.7192340425531916 0.21739449541284406 0.6998439716312057 0.22111926605504587 0.6799645390070922 0.27371559633027526 0.6828085106382978 0.3799357798165137 0.7519361702127659 0.3974678899082569 0.8020354609929078 0.4964678899082569 0.8158723404255319 0.45874311926605504 0.8169858156028368 0.38011009174311927 0.7944042553191489 0.27833944954128437 0.7244255319148937 0.21462385321100916 0.7192340425531916 0.21739449541284406
0 0.22704255319148936 0.37431192660550455 0.21339716312056736 0.5115045871559633 0.22470212765957448 0.639 0.2631347517730496 0.6697706422018348 0.30963120567375885 0.5857247706422019 0.32 0.503862385321101 0.3575744680851064 0.4128715596330275 0.3288936170212766 0.3515321100917431 0.2749858156028369 0.3214954128440367 0.22704255319148936 0.37431192660550455
0 0.3512482269503546 0.39129357798165143 0.3302340425531915 0.4526146788990826 0.3301276595744681 0.5850825688073394 0.4003687943262411 0.6636788990825687 0.4581063829787234 0.602256880733945 0.45751773049645394 0.5434128440366972 0.45751773049645394 0.4076880733944954 0.3997446808510638 0.33694495412844033 0.3512482269503546 0.39129357798165143
0 0.43477304964539004 0.1726788990825688 0.40517021276595744 0.17308256880733944 0.38079432624113474 0.2376330275229358 0.3765744680851064 0.3503853211009174 0.42048226950354606 0.3358807339449541 0.4773971631205674 0.3935045871559633 0.49775177304964546 0.35208256880733946 0.48624113475177305 0.23321100917431195 0.4358936170212766 0.169302752293578 0.43477304964539004 0.1726788990825688
0 0.4547943262411348 0.4655871559633028 0.4475886524822695 0.593119266055046 0.5298936170212766 0.6532477064220182 0.5748581560283689 0.6170550458715597 0.5918156028368794 0.5500275229357798 0.5833404255319149 0.4390825688073394 0.5145035460992908 0.4353669724770642 0.4547943262411348 0.4655871559633028