0 0.44951941747572816 0.8922780487804878 0.46850970873786413 0.8903121951219513 0.6044271844660194 0.927209756097561 0.6522184466019417 0.9070829268292683 0.722495145631068 0.7425024390243902 0.6946116504854369 0.6848731707317073 0.6416968446601942 0.6303927121951219 0.5669320388349515 0.6559414634146341 0.500121359223301 0.7176878048780488 0.4499320388349515 0.7943804878048781 0.44951941747572816 0.8922780487804878
0 0.7602766990291262 0.44160000000000005 0.7355048543689321 0.4792390243902439 0.7236116504854369 0.5678926829268293 0.7527766990291263 0.642390243902439 0.8162621359223301 0.6798390243902439 0.8896601941747573 0.463619512195122 0.8824466019417475 0.42754634146341464 0.7815825242718447 0.41026829268292686 0.7602766990291262 0.44160000000000005
0 0.7402815533980582 0.2741317073170732 0.7289223300970873 0.3064390243902439 0.7745145631067961 0.3911609756097561 0.8345145631067961 0.411209756097561 0.9130825242718447 0.41289756097560976 0.9330922330097088 0.3427073170731707 0.9372912621359223 0.2827268292682927 0.9465145631067962 0.23661463414634146 0.9315 0.20733658536585364 0.8201893203883496 0.20826829268292682 0.7596407766990291 0.2307170731707317 0.7402815533980582 0.2741317073170732
0 0.5496456310679612 0.46646829268292683 0.5492718446601942 0.5336682926829268 0.5736213592233009 0.5622487804878049 0.6278640776699029 0.5534243902439024 0.6599077669902913 0.5781951219512195 0.7046796116504854 0.5668 0.7214320388349516 0.5057170731707317 0.7458640776699029 0.4299121951219512 0.7483300970873786 0.37833658536585363 0.7374902912621359 0.33738048780487806 0.7004466019417476 0.31164878048780487 0.6602669902912621 0.32886341463414637 0.6250339805825244 0.344209756097561 0.5707184466019417 0.3994731707317073 0.5496456310679612 0.46646829268292683
0 0.27182038834951455 0.7114048780487805 0.27893203883495143 0.7789121951219512 0.2800631067961165 0.8372439024390244 0.37487378640776703 0.8888243902439025 0.44071359223300977 0.8980585365853658 0.4449077669902912 0.8078243902439025 0.4735436893203883 0.7529365853658537 0.4735436893203883 0.7280780487804878 0.4557233009708738 0.690960975609756 0.43076699029126214 0.6327756097560975 0.4095485436893204 0.5848439024390244 0.35539320388349516 0.579619512195122 0.3030679611650485 0.6354634146341464 0.27182038834951455 0.7114048780487805
0 0.13635922330097086 0.6296195121951219 0.0980631067961165 0.7018439024390243 0.0980631067961165 0.7726341463414633 0.1377864077669903 0.795019512195122 0.19141747572815535 0.836819512195122 0.26269902912621357 0.8054439024390244 0.2573155339805825 0.7360780487804878 0.29512135922330096 0.6716780487804878 0.2986116504854369 0.6228487804878049 0.2977572815533981 0.5986292682926829 0.26383009708737865 0.5759756097560976 0.22224757281553398 0.544809756097561 0.17726699029126214 0.5591170731707317 0.13635922330097086 0.6296195121951219
0 0.2334271844660194 0.4349560975609756 0.22674757281553398 0.506809756097561 0.23103883495145633 0.548209756097561 0.3148495145631068 0.5952731707317074 0.36339805825242716 0.5770146341463415 0.4014854368932039 0.5433073170731707 0.4321747572815534 0.4386048780487805 0.4321747572815534 0.3824292682926829 0.4186407766990291 0.3248536585365854 0.40366019417475724 0.30357560975609754 0.35691747572815535 0.2794 0.3136796116504854 0.29002926829268294 0.3065242718446602 0.3107853658536585 0.27011650485436894 0.35016585365853664 0.2309126213592233 0.42979512195121955 0.2334271844660194 0.4349560975609756
0 0.47618446601941744 0.6394 0.45383009708737865 0.6722048780487805 0.48374271844660194 0.7337512195121951 0.5055679611650485 0.7157512195121952 0.5404660194174757 0.6653902439024391 0.6356699029126214 0.6278878048780488 0.6760145631067961 0.6614682926829268 0.6987669902912621 0.6593121951219512 0.7048640776699029 0.6373512195121952 0.6930776699029126 0.6055951219512196 0.6445436893203884 0.5536926829268293 0.5997912621359224 0.5509804878048781 0.5489902912621359 0.5743560975609756 0.4749417475728155 0.6354634146341464 0.47618446601941744 0.6394
0 0.44039805825242717 0.3830487804878049 0.43486407766990287 0.44444878048780484 0.4273689320388349 0.5345512195121951 0.4719514563106796 0.5617560975609756 0.5212233009708738 0.5892585365853659 0.5521019417475729 0.5629560975609756 0.5521019417475729 0.5380975609756098 0.5521019417475729 0.45021463414634144 0.5619077669902912 0.3957951219512195 0.5486601941747573 0.36238536585365855 0.48809708737864077 0.35610243902439026 0.4382038834951456 0.38101463414634146 0.44039805825242717 0.3830487804878049
0 0.481631067961165 0.24891219512195123 0.48499029126213594 0.31450243902439023 0.5284708737864078 0.3571609756097561 0.5886893203883495 0.36398536585365854 0.659126213592233 0.31553170731707314 0.7166941747572816 0.2774341463414634 0.7394417475728154 0.19953658536585367 0.7184029126213592 0.17026829268292684 0.6950728155339806 0.1672731707317073 0.6935825242718446 0.1509609756097561 0.6794271844660194 0.1165219512195122 0.6424805825242719 0.09438048780487804 0.6080194174757282 0.10146341463414635 0.5694029126213592 0.14502439024390243 0.5048543689320388 0.21538536585365856 0.481631067961165 0.24891219512195123
0 0.38773300970873786 0.20537073170731707 0.3574805825242719 0.27411219512195123 0.41892718446601945 0.3026243902439024 0.42684951456310677 0.35664878048780485 0.4899757281553398 0.3272926829268293 0.4790291262135923 0.25011707317073173 0.5564320388349514 0.14833658536585365 0.5011456310679612 0.10384390243902439 0.4093398058252427 0.1582048780487805 0.38773300970873786 0.20537073170731707
0 0.22420873786407766 0.23993170731707317 0.26490291262135923 0.30253658536585365 0.3578203883495146 0.2747951219512195 0.4167378640776699 0.15381951219512197 0.42273300970873784 0.13093170731707318 0.3799029126213592 0.07910243902439025 0.28342718446601944 0.08715609756097562 0.21385436893203885 0.14765853658536585 0.22420873786407766 0.23993170731707317
0 0.11838834951456312 0.4722 0.17210679611650487 0.5452829268292683 0.22450485436893203 0.5445317073170732 0.23099999999999998 0.4254536585365854 0.2869271844660194 0.33180487804878045 0.24320873786407768 0.32050243902439024 0.17609223300970872 0.33122926829268295 0.10889320388349513 0.41133658536585366 0.11838834951456312 0.4722