0 0.7738472222222222 0.42337903225806456 0.7985625 0.44725806451612904 0.8333402777777779 0.4052983870967742 0.8095277777777778 0.34574193548387094 0.7229305555555556 0.2960887096774194 0.6064861111111112 0.30741935483870964 0.5445972222222222 0.3600241935483871 0.5548194444444445 0.43038709677419357 0.5806041666666667 0.4254435483870968 0.5817361111111111 0.4243790322580645 0.6658263888888889 0.4010967741935484 0.7738472222222222 0.42337903225806456
0 0.5583194444444444 0.5201370967741935 0.6396875 0.5341048387096774 0.73975 0.5350967741935484 0.7842986111111111 0.5623225806451613 0.822375 0.5081693548387096 0.7955069444444445 0.43433064516129033 0.7219930555555556 0.4118387096774193 0.6455555555555555 0.4118387096774193 0.5576111111111112 0.4514677419354839 0.5583194444444444 0.5201370967741935
0 0.5409513888888889 0.6023629032258064 0.5316388888888889 0.6421935483870969 0.6406180555555555 0.6399274193548387 0.6585555555555556 0.6140806451612904 0.763611111111111 0.5798629032258065 0.7328472222222222 0.5469435483870968 0.6661736111111112 0.5469435483870968 0.5684097222222222 0.5502096774193548 0.5409513888888889 0.6023629032258064
0 0.2722013888888889 0.46962096774193546 0.2913472222222222 0.5310725806451613 0.331125 0.5028467741935484 0.4372777777777778 0.5013225806451613 0.4881111111111111 0.5455241935483871 0.5229305555555556 0.5257016129032258 0.5330972222222222 0.44902419354838713 0.4339097222222222 0.39348387096774196 0.31827777777777777 0.39649193548387096 0.2722013888888889 0.46962096774193546
0 0.26606250000000004 0.6430806451612904 0.28926388888888893 0.6789677419354838 0.3142986111111111 0.6506209677419356 0.41139583333333335 0.6438064516129032 0.4287916666666667 0.6328629032258064 0.49197916666666663 0.6218306451612903 0.49753472222222217 0.5875161290322581 0.4331527777777778 0.5109274193548387 0.3265625 0.5135564516129032 0.2643680555555556 0.5630967741935484 0.26606250000000004 0.6430806451612904
0 0.28675694444444444 0.7144032258064515 0.2949583333333333 0.7564435483870968 0.32340277777777776 0.8101370967741935 0.49735416666666665 0.7380403225806451 0.500736111111111 0.6607983870967742 0.4040972222222222 0.6542983870967741 0.3135555555555556 0.6577822580645161 0.28461111111111115 0.711266129032258 0.28675694444444444 0.7144032258064515
0 0.04131944444444444 0.7549516129032259 0.0364375 0.7887016129032258 0.034319444444444444 0.8651854838709677 0.12589583333333335 0.8188790322580645 0.15834027777777776 0.82225 0.19549305555555554 0.8355806451612903 0.25755555555555554 0.8331290322580646 0.29783333333333334 0.7791048387096774 0.2826875 0.6995564516129033 0.26263888888888887 0.6668387096774194 0.20615277777777777 0.6650564516129032 0.04098611111111111 0.7482822580645162 0.04131944444444444 0.7549516129032259
0 0.026381944444444444 0.6398709677419354 0.0098125 0.6991451612903226 0.03089583333333333 0.7593790322580645 0.22384722222222223 0.6621532258064516 0.2648263888888889 0.6421129032258065 0.26615972222222223 0.5646129032258065 0.24663888888888888 0.553483870967742 0.1967986111111111 0.5468467741935483 0.12573611111111113 0.570741935483871 0.028458333333333332 0.6332661290322581 0.026381944444444444 0.6398709677419354
0 0.06894444444444445 0.5946774193548386 0.18107638888888888 0.544491935483871 0.23684027777777775 0.544491935483871 0.2637361111111111 0.5206370967741936 0.26403472222222224 0.4456209677419355 0.17910416666666668 0.43515322580645166 0.06488888888888888 0.5314677419354839 0.06894444444444445 0.5946774193548386
0 0.07170833333333333 0.4745322580645161 0.09816666666666667 0.5011854838709677 0.18706944444444443 0.4358145161290322 0.2679930555555556 0.4420645161290323 0.29254166666666664 0.43331451612903227 0.2997361111111111 0.36974193548387096 0.21364583333333334 0.31761290322580643 0.06192361111111111 0.41531451612903225 0.07170833333333333 0.4745322580645161
0 0.5294097222222223 0.7291612903225806 0.6243194444444444 0.6813548387096774 0.6353402777777778 0.6426532258064516 0.5282361111111111 0.6504516129032258 0.5294097222222223 0.7291612903225806