0 0.6028368794326241 0.908256880733945 0.6099290780141844 0.9174311926605505 0.6382978723404256 0.9174311926605505 0.6453900709219859 0.926605504587156 0.6595744680851063 0.926605504587156 0.7163120567375887 0.8807339449541285 0.7446808510638298 0.7889908256880734 0.7446808510638298 0.7522935779816514 0.7092198581560284 0.7339449541284404 0.6879432624113475 0.7339449541284404 0.6099290780141844 0.8256880733944955 0.6028368794326241 0.8440366972477065 0.6028368794326241 0.908256880733945
0 0.14893617021276595 0.7247706422018348 0.15602836879432624 0.7339449541284404 0.15602836879432624 0.7614678899082569 0.16312056737588654 0.7706422018348624 0.24822695035460993 0.8073394495412844 0.2624113475177305 0.7981651376146789 0.2907801418439716 0.6972477064220184 0.28368794326241137 0.6146788990825688 0.2695035460992908 0.5963302752293578 0.2624113475177305 0.5688073394495413 0.24822695035460993 0.5504587155963303 0.19858156028368795 0.5596330275229358 0.18439716312056736 0.5688073394495413 0.15602836879432624 0.6055045871559633 0.14893617021276595 0.6238532110091743 0.14893617021276595 0.7247706422018348
0 0.31987234042553186 0.6833302752293579 0.2887375886524823 0.7423211009174312 0.27274468085106385 0.833256880733945 0.3199432624113475 0.8655045871559633 0.4223758865248227 0.8937798165137615 0.45424822695035466 0.8132018348623853 0.4654042553191489 0.717651376146789 0.4351985815602837 0.6510825688073395 0.3533191489361702 0.6505412844036698 0.31987234042553186 0.6833302752293579
0 0.50622695035461 0.6878990825688073 0.4740425531914894 0.7612660550458715 0.46087943262411346 0.9133669724770642 0.5219219858156028 0.9223853211009175 0.5415390070921986 0.8929082568807339 0.5948439716312057 0.9044770642201835 0.6410992907801418 0.7625779816513761 0.6429574468085106 0.7188623853211009 0.5818652482269504 0.6432660550458715 0.50622695035461 0.6878990825688073
0 0.3049645390070922 0.23853211009174313 0.3262411347517731 0.3119266055045872 0.3546099290780142 0.3394495412844037 0.4025035460992908 0.32472477064220184 0.417709219858156 0.292651376146789 0.423822695035461 0.2817706422018349 0.4277446808510638 0.2574770642201835 0.42958156028368794 0.24774311926605505 0.4397163120567376 0.22935779816513763 0.4397163120567376 0.1743119266055046 0.425531914893617 0.1559633027522936 0.425531914893617 0.14678899082568808 0.41134751773049644 0.13761467889908258 0.3971631205673759 0.10091743119266056 0.375886524822695 0.09174311926605505 0.3546099290780142 0.09174311926605505 0.3120567375886525 0.13761467889908258 0.3120567375886525 0.22018348623853212 0.3049645390070922 0.23853211009174313
0 0.6274184397163121 0.3131192660550459 0.6470992907801418 0.347954128440367 0.6521063829787235 0.41143119266055045 0.65522695035461 0.4147155963302752 0.6549522340425532 0.41589370642201834 0.6590398014184397 0.4213788990825688 0.7021276595744681 0.35767889908256884 0.7092198581560284 0.3393302752293578 0.7092198581560284 0.3118073394495413 0.7163120567375887 0.3026330275229358 0.7163120567375887 0.21088990825688073 0.7021276595744681 0.20171559633027522 0.6879432624113475 0.1833669724770642 0.6879432624113475 0.1741926605504587 0.6808510638297872 0.1741926605504587 0.6595744680851063 0.1466697247706422 0.6312056737588653 0.13749541284403669 0.5957446808510638 0.1741926605504587 0.5673758865248227 0.22006422018348623 0.5602836879432624 0.24758715596330275 0.5602836879432624 0.27511009174311923 0.5531914893617021 0.28428440366972474 0.5897659574468085 0.2795137614678899 0.6274184397163121 0.3131192660550459
0 0.7163120567375887 0.42201834862385323 0.7375886524822695 0.44954128440366975 0.7375886524822695 0.45871559633027525 0.75177304964539 0.45871559633027525 0.7801418439716312 0.4954128440366973 0.7801418439716312 0.5045871559633027 0.8085106382978723 0.5137614678899083 0.8297872340425532 0.44954128440366975 0.8439716312056738 0.3761467889908257 0.8439716312056738 0.30275229357798167 0.851063829787234 0.29357798165137616 0.851063829787234 0.27522935779816515 0.8439716312056738 0.25688073394495414 0.8085106382978723 0.21100917431192662 0.7943262411347518 0.2018348623853211 0.7730496453900709 0.2018348623853211 0.7375886524822695 0.23853211009174313 0.7163120567375887 0.24770642201834864 0.7092198581560284 0.3577981651376147 0.7163120567375887 0.42201834862385323
0 0.275822695035461 0.32439449541284404 0.2562198581560284 0.3738532110091743 0.2573404255319149 0.5511192660550459 0.2915673758865248 0.6349541284403669 0.35541843971631204 0.622697247706422 0.3717304964539007 0.5638348623853211 0.3636737588652482 0.49221100917431193 0.36514893617021277 0.3838440366972477 0.30545390070921985 0.30191743119266057 0.275822695035461 0.32439449541284404
0 0.41420567375886524 0.3208440366972477 0.3889858156028369 0.36066972477064224 0.36863120567375884 0.42946788990825685 0.3799787234042553 0.522908256880734 0.4044255319148936 0.571440366972477 0.46055319148936175 0.571440366972477 0.46839007092198587 0.5572935779816514 0.46669503546099295 0.4887706422018349 0.48151063829787233 0.4181559633027523 0.49553191489361703 0.33361467889908253 0.4422978723404255 0.3119266055045872 0.41420567375886524 0.3208440366972477
0 0.6059716312056737 0.5409357798165138 0.5958936170212766 0.6144495412844037 0.6156382978723405 0.6434128440366973 0.6527730496453901 0.7315045871559632 0.6767446808510639 0.7245504587155963 0.7047872340425532 0.7245504587155963 0.737886524822695 0.6891467889908257 0.7484751773049645 0.5708440366972477 0.7406028368794326 0.5207064220183486 0.6942553191489361 0.48142201834862386 0.6199361702127659 0.5117522935779817 0.6059716312056737 0.5409357798165138
0 0.5102056737588652 0.35511009174311925 0.48659574468085104 0.3971467889908257 0.46828368794326247 0.4784495412844037 0.4696170212765957 0.5542293577981652 0.4746099290780142 0.6230550458715596 0.520595744680851 0.6532385321100918 0.5876879432624114 0.6327798165137615 0.6236737588652482 0.5873486238532111 0.6405602836879433 0.4981651376146789 0.6449219858156028 0.4038165137614679 0.629241134751773 0.32278899082568807 0.5871347517730496 0.28324770642201835 0.5290780141843971 0.3330275229357798 0.5102056737588652 0.35511009174311925