0 0.3191489361702128 0.5504587155963303 0.3262411347517731 0.5779816513761468 0.3475177304964539 0.6146788990825688 0.36879432624113473 0.6146788990825688 0.375886524822695 0.6238532110091743 0.41134751773049644 0.6146788990825688 0.4397163120567376 0.5779816513761468 0.45390070921985815 0.5045871559633027 0.45390070921985815 0.41284403669724773 0.44680851063829785 0.3944954128440367 0.4397163120567376 0.3944954128440367 0.425531914893617 0.3761467889908257 0.41134751773049644 0.3761467889908257 0.40425531914893614 0.3944954128440367 0.375886524822695 0.3944954128440367 0.3333333333333333 0.44954128440366975 0.3191489361702128 0.4954128440366973 0.3191489361702128 0.5504587155963303
0 0.6312056737588653 0.5871559633027523 0.6595744680851063 0.6513761467889908 0.7163120567375887 0.6513761467889908 0.7446808510638298 0.6146788990825688 0.75177304964539 0.6146788990825688 0.7588652482269503 0.5963302752293578 0.7588652482269503 0.5321100917431193 0.7375886524822695 0.45871559633027525 0.7092198581560284 0.41284403669724773 0.6879432624113475 0.41284403669724773 0.6595744680851063 0.43119266055045874 0.6595744680851063 0.44036697247706424 0.6453900709219859 0.44954128440366975 0.6312056737588653 0.48623853211009177 0.6312056737588653 0.5871559633027523
0 0.6950354609929078 0.3944954128440367 0.7163120567375887 0.43119266055045874 0.723404255319149 0.45871559633027525 0.7659574468085106 0.5229357798165137 0.8014184397163121 0.5229357798165137 0.8297872340425532 0.44954128440366975 0.8297872340425532 0.3394495412844037 0.8226950354609929 0.3119266055045872 0.8014184397163121 0.25688073394495414 0.7872340425531915 0.24770642201834864 0.7588652482269503 0.21100917431192662 0.7446808510638298 0.21100917431192662 0.723404255319149 0.22935779816513763 0.6950354609929078 0.28440366972477066 0.6950354609929078 0.3944954128440367
0 0.2699432624113475 0.7290733944954128 0.269290780141844 0.8288623853211009 0.36009219858156033 0.8833669724770643 0.3959290780141844 0.8493577981651376 0.3828652482269504 0.7814036697247707 0.3882056737588653 0.687045871559633 0.3741418439716312 0.6727798165137615 0.3081914893617021 0.6720091743119265 0.2699432624113475 0.7290733944954128
0 0.2716950354609929 0.7348899082568807 0.31631205673758866 0.660045871559633 0.3719078014184397 0.6661192660550459 0.39606382978723403 0.6349633027522935 0.35314893617021276 0.6085412844036697 0.3302695035460993 0.6015504587155963 0.23385815602836876 0.705394495412844 0.22098581560283687 0.7751651376146789 0.2619432624113475 0.8326788990825688 0.2716950354609929 0.7348899082568807
0 0.41119148936170213 0.6661926605504587 0.39673758865248226 0.7860091743119266 0.4109645390070922 0.8974770642201835 0.5121702127659574 0.9281009174311926 0.5457021276595745 0.9071651376146789 0.5641063829787234 0.796954128440367 0.567354609929078 0.6811926605504587 0.466645390070922 0.6076330275229358 0.41119148936170213 0.6661926605504587
0 0.40017730496453896 0.18155963302752293 0.38060283687943264 0.25688990825688074 0.3823971631205674 0.3883302752293578 0.40796453900709223 0.4330642201834862 0.47314893617021275 0.40711009174311924 0.49843971631205675 0.3634311926605504 0.4914042553191489 0.22787155963302752 0.4358510638297872 0.1718073394495413 0.40017730496453896 0.18155963302752293
0 0.5293333333333333 0.7940366972477064 0.5300283687943262 0.8921467889908257 0.6352127659574468 0.9232660550458716 0.7057304964539006 0.8615412844036697 0.6671985815602837 0.7296605504587156 0.624113475177305 0.6271926605504587 0.5510425531914894 0.622467889908257 0.5293333333333333 0.7940366972477064
0 0.7154255319148937 0.8032935779816514 0.7415035460992908 0.6963119266055046 0.6602198581560283 0.6788990825688074 0.7154255319148937 0.8032935779816514
0 0.4861702127659574 0.3780275229357798 0.4539290780141844 0.4278073394495413 0.4452978723404255 0.5451284403669725 0.4649290780141844 0.6059449541284404 0.5375744680851064 0.6432385321100917 0.5801631205673758 0.5981284403669724 0.5945248226950355 0.4686422018348624 0.5388510638297872 0.47008256880733945 0.5410070921985816 0.4033577981651376 0.5132198581560284 0.3769816513761468 0.4861702127659574 0.3780275229357798
0 0.588 0.18915596330275228 0.574581560283688 0.2008623853211009 0.5418297872340425 0.3187064220183486 0.5421702127659574 0.4268807339449541 0.5705248226950355 0.46778899082568803 0.6269361702127659 0.4530366972477064 0.6645744680851063 0.3876697247706422 0.6766524822695036 0.29444036697247705 0.674531914893617 0.21974311926605505 0.6137943262411347 0.1818165137614679 0.588 0.18915596330275228