0 0.6421736111111112 0.11530645161290323 0.6158819444444444 0.15489516129032257 0.5997916666666667 0.2327983870967742 0.6576388888888889 0.25545161290322577 0.7404583333333333 0.23996774193548387 0.8219027777777778 0.21935483870967742 0.8705555555555555 0.2163790322580645 0.8792291666666666 0.17675000000000002 0.8792291666666666 0.11273387096774193 0.8247083333333333 0.08874193548387097 0.6613888888888888 0.09228225806451612 0.6421736111111112 0.11530645161290323
0 0.6089444444444445 0.3050241935483871 0.6028333333333333 0.35380645161290325 0.6272291666666666 0.3782258064516129 0.6300763888888888 0.41724999999999995 0.6478472222222222 0.43590322580645163 0.7278472222222222 0.39402419354838714 0.7444722222222222 0.358758064516129 0.7767083333333333 0.28325806451612906 0.8068472222222223 0.2823225806451613 0.8871805555555556 0.2819435483870968 0.8864861111111111 0.26262096774193544 0.8679652777777778 0.22514516129032258 0.7992222222222222 0.2397016129032258 0.7184375 0.24771774193548385 0.6261458333333334 0.2800322580645161 0.6089444444444445 0.3050241935483871
0 0.3305694444444444 0.6757016129032258 0.2994513888888889 0.7027822580645161 0.29488888888888887 0.7460322580645161 0.2921666666666667 0.7886129032258065 0.3002083333333333 0.8041048387096774 0.5361458333333333 0.7203306451612903 0.5390833333333334 0.701274193548387 0.3472222222222222 0.6623467741935484 0.3305694444444444 0.6757016129032258
0 0.029993055555555554 0.5963225806451613 0.010083333333333333 0.6703467741935484 0.0069166666666666664 0.7415403225806451 0.0496875 0.844774193548387 0.11249305555555557 0.8160645161290322 0.14777777777777779 0.8073790322580645 0.1804375 0.8294112903225807 0.2291736111111111 0.8133064516129032 0.27411111111111114 0.748225806451613 0.30122916666666666 0.6728709677419356 0.28588888888888886 0.6256290322580645 0.27119444444444446 0.5905403225806451 0.1973125 0.5628629032258065 0.0751388888888889 0.5711290322580644 0.029993055555555554 0.5963225806451613
0 0.27133333333333337 0.4168306451612903 0.23072916666666668 0.42032258064516126 0.18013194444444444 0.4265967741935484 0.139625 0.41350000000000003 0.10084722222222223 0.43193548387096775 0.07743055555555556 0.494 0.06395138888888889 0.5579274193548388 0.08088888888888889 0.5743790322580645 0.1397638888888889 0.5613467741935484 0.18883333333333333 0.5557661290322581 0.24133333333333334 0.5739354838709678 0.2807777777777778 0.5423629032258065 0.30545833333333333 0.49039516129032257 0.30718055555555557 0.45586290322580647 0.28802083333333334 0.42305645161290323 0.27133333333333337 0.4168306451612903
0 0.22769444444444442 0.34942741935483873 0.1846388888888889 0.3734677419354839 0.13370833333333335 0.4037822580645162 0.17522916666666666 0.41825 0.2102222222222222 0.415241935483871 0.28329166666666666 0.4165564516129032 0.301375 0.43513709677419354 0.33089583333333333 0.43658870967741936 0.3415138888888889 0.4268790322580645 0.32095138888888886 0.37229032258064515 0.31156944444444445 0.33676612903225805 0.26184027777777774 0.3318387096774194 0.22769444444444442 0.34942741935483873
0 0.5050277777777779 0.15798387096774194 0.49428472222222225 0.1296935483870968 0.45751388888888894 0.13069354838709676 0.3995625 0.14268548387096774 0.37097222222222226 0.15648387096774194 0.36588888888888893 0.1925967741935484 0.38250694444444444 0.24300000000000002 0.4039375 0.25855645161290325 0.4476805555555555 0.2678306451612903 0.49977083333333333 0.252508064516129 0.509638888888889 0.20985483870967742 0.5050277777777779 0.15798387096774194
0 0.3254930555555556 0.3241532258064516 0.3197847222222222 0.35161290322580646 0.3430347222222222 0.41458870967741934 0.3524097222222222 0.46849193548387097 0.36362500000000003 0.5145241935483871 0.3977777777777778 0.5270241935483871 0.43709722222222225 0.4944516129032258 0.5059236111111111 0.4492016129032258 0.5529305555555556 0.4040725806451613 0.5771944444444445 0.37483870967741933 0.5851180555555556 0.3245887096774194 0.5713402777777777 0.2756209677419355 0.5546875 0.25025 0.4991527777777778 0.2515725806451613 0.45683333333333337 0.2815483870967742 0.3842013888888889 0.29050806451612904 0.34038888888888885 0.3186129032258065 0.3254930555555556 0.3241532258064516
0 0.31256944444444446 0.5343225806451612 0.2864305555555556 0.5458870967741936 0.27897916666666667 0.5709274193548387 0.27941666666666665 0.6021693548387097 0.29394444444444445 0.647766129032258 0.3169652777777778 0.6722258064516129 0.34065972222222224 0.6678467741935484 0.40413194444444445 0.6694193548387096 0.4465486111111111 0.6731774193548388 0.494 0.636774193548387 0.52425 0.6074758064516129 0.5260625 0.5593467741935484 0.5132083333333334 0.5413145161290323 0.41961805555555554 0.5249677419354839 0.3301458333333333 0.5248548387096774 0.31256944444444446 0.5343225806451612
0 0.5198125 0.4446451612903226 0.5064583333333333 0.4847258064516129 0.5089513888888889 0.5418629032258064 0.5095486111111112 0.5874274193548387 0.4942013888888889 0.6432338709677419 0.5067569444444444 0.6813387096774194 0.5463819444444444 0.694524193548387 0.5760833333333334 0.6579032258064516 0.6316666666666666 0.6106290322580645 0.6439791666666667 0.5418629032258064 0.6468472222222222 0.47701612903225804 0.6296458333333333 0.4269435483870968 0.5362013888888888 0.4257016129032258 0.5198125 0.4446451612903226
0 0.7301597222222223 0.4036048387096774 0.7019444444444445 0.42175806451612907 0.659986111111111 0.4325 0.6461736111111112 0.4475 0.6401388888888889 0.4824112903225807 0.6267152777777778 0.5013951612903226 0.6284027777777778 0.5781290322580646 0.6364097222222223 0.615774193548387 0.677125 0.5936612903225806 0.7276527777777777 0.5762096774193549 0.8444166666666667 0.5294435483870967 0.8920972222222221 0.4886935483870968 0.9051597222222222 0.44270967741935485 0.9051597222222222 0.38895967741935483 0.8799444444444444 0.3719435483870968 0.8259444444444445 0.3813225806451613 0.7468125 0.39396774193548384 0.7301597222222223 0.4036048387096774