0 0.7004444444444444 0.05638709677419355 0.6509722222222222 0.1092983870967742 0.6400625 0.13531451612903225 0.6170694444444444 0.18179032258064518 0.6170694444444444 0.23979032258064517 0.6449374999999999 0.28641129032258067 0.6711527777777778 0.27618548387096775 0.7211944444444445 0.2341774193548387 0.7924375 0.23028225806451613 0.8599722222222222 0.22039516129032258 0.8830763888888888 0.19847580645161292 0.8803125 0.14199193548387096 0.8520902777777777 0.10793548387096774 0.8076458333333334 0.06588709677419355 0.7578472222222222 0.056233870967741933 0.6955833333333333 0.05287903225806452 0.7004444444444444 0.05638709677419355
0 0.4829166666666667 0.19363709677419355 0.4562291666666667 0.19363709677419355 0.42072916666666665 0.2104758064516129 0.3716666666666667 0.24529032258064518 0.35220833333333335 0.29974193548387096 0.3221527777777778 0.3558548387096774 0.32809722222222226 0.42766129032258066 0.34024305555555556 0.4945483870967742 0.40720833333333334 0.5462903225806451 0.46114583333333337 0.5089112903225806 0.5206527777777779 0.4471612903225807 0.5643888888888889 0.39049999999999996 0.6057013888888889 0.3549112903225807 0.6004305555555556 0.300758064516129 0.5924444444444444 0.26167741935483874 0.5214027777777778 0.2022741935483871 0.4829166666666667 0.19363709677419355
0 0.10216666666666667 0.5900241935483871 0.06372222222222222 0.650483870967742 0.060909722222222226 0.6949516129032258 0.07830555555555556 0.6906451612903226 0.10848611111111112 0.6856129032258065 0.15770138888888888 0.6856129032258065 0.18207638888888888 0.6897903225806452 0.22185416666666666 0.6902983870967742 0.2582013888888889 0.6484677419354838 0.2697569444444444 0.5945806451612903 0.2697569444444444 0.5600967741935484 0.2612361111111111 0.5189274193548387 0.21960416666666668 0.5103306451612903 0.17453472222222222 0.5179032258064517 0.12295138888888887 0.5671612903225807 0.10216666666666667 0.5900241935483871
0 0.028659722222222222 0.733008064516129 0.006652777777777777 0.766008064516129 0.006034722222222223 0.8568870967741936 0.027270833333333334 0.8922096774193549 0.11972916666666666 0.8354516129032258 0.18740277777777778 0.8265483870967743 0.20772222222222222 0.7711612903225806 0.20772222222222222 0.6986854838709677 0.14219444444444443 0.6766612903225807 0.07263888888888889 0.7051209677419356 0.028659722222222222 0.733008064516129
0 0.07090277777777779 0.6048548387096774 0.08789583333333334 0.602975806451613 0.10697916666666667 0.5737016129032257 0.16446527777777778 0.5123145161290322 0.20236805555555554 0.5051774193548387 0.25049305555555557 0.5051774193548387 0.2720138888888889 0.5238951612903225 0.2867430555555555 0.5637661290322581 0.3194652777777778 0.5524193548387096 0.3222152777777778 0.4857258064516129 0.3222152777777778 0.4254193548387097 0.2886388888888889 0.40349999999999997 0.23324305555555558 0.40191935483870966 0.16370138888888888 0.401508064516129 0.10771527777777777 0.4276935483870968 0.07877083333333333 0.4493629032258064 0.051812500000000004 0.503758064516129 0.06830555555555556 0.5988870967741936 0.07090277777777779 0.6048548387096774
0 0.6476944444444445 0.4387822580645161 0.7393263888888888 0.4715322580645161 0.8051319444444444 0.5251612903225806 0.8786805555555556 0.5589354838709678 0.9133472222222222 0.5244274193548387 0.9234236111111112 0.4159838709677419 0.9112777777777777 0.254008064516129 0.8999652777777778 0.24133870967741936 0.8091736111111111 0.24133870967741936 0.7196388888888889 0.2605806451612903 0.6105625 0.29846774193548387 0.6105625 0.4183548387096774 0.6476944444444445 0.4387822580645161
0 0.6084999999999999 0.5826048387096774 0.5998888888888889 0.6326048387096774 0.6246458333333333 0.7129677419354838 0.6468125 0.6874112903225806 0.6468125 0.6532016129032258 0.693673611111111 0.6295241935483872 0.8365902777777777 0.5743870967741935 0.8143125 0.540266129032258 0.7558680555555556 0.5393387096774194 0.6846597222222222 0.5393387096774194 0.607923611111111 0.5777338709677419 0.6084999999999999 0.5826048387096774
0 0.3242986111111111 0.6579677419354838 0.27013194444444444 0.6560564516129033 0.24089583333333334 0.7017096774193549 0.22631944444444446 0.7602903225806451 0.25021527777777774 0.831975806451613 0.30136805555555557 0.8386935483870969 0.40986805555555555 0.7968870967741934 0.5270972222222222 0.7469596774193549 0.4460763888888889 0.684241935483871 0.3242986111111111 0.6579677419354838
0 0.37738194444444445 0.5585241935483871 0.3235763888888889 0.555508064516129 0.2932430555555555 0.5607741935483871 0.2811944444444444 0.6229112903225806 0.31432638888888886 0.6423790322580645 0.3767361111111111 0.6579516129032258 0.4656180555555556 0.6782096774193548 0.4363611111111111 0.5970645161290322 0.37738194444444445 0.5585241935483871
0 0.4537569444444444 0.6230967741935484 0.47951388888888885 0.6793145161290323 0.5584722222222223 0.6805241935483871 0.6076111111111111 0.6679758064516128 0.6004513888888889 0.6063548387096774 0.5635555555555556 0.5629435483870968 0.5001180555555556 0.5482983870967743 0.4474027777777778 0.5592258064516129 0.4537569444444444 0.6230967741935484
0 0.5058402777777777 0.5113306451612903 0.4945902777777778 0.5461209677419354 0.5597430555555555 0.5600564516129033 0.5838055555555556 0.579274193548387 0.6269305555555555 0.562008064516129 0.6725138888888889 0.5338548387096773 0.6563680555555556 0.5081612903225806 0.5920416666666667 0.4906129032258064 0.5398958333333334 0.4848870967741935 0.5058402777777777 0.5113306451612903