0 0.058902777777777776 0.7601209677419355 0.057555555555555554 0.8475645161290323 0.06034722222222222 0.8704919354838709 0.10488888888888888 0.8344112903225807 0.17228472222222224 0.8275645161290323 0.21606944444444445 0.8420967741935484 0.28234722222222225 0.8396774193548387 0.3432222222222222 0.8113306451612904 0.33288194444444447 0.7326290322580645 0.2858472222222222 0.7042822580645162 0.2186736111111111 0.6950241935483872 0.08053472222222222 0.7411290322580646 0.058902777777777776 0.7601209677419355
0 0.39974305555555556 0.559516129032258 0.37130555555555556 0.6098145161290323 0.36864583333333334 0.6703548387096774 0.3884930555555555 0.7257177419354839 0.3884930555555555 0.793233870967742 0.44190277777777776 0.7743064516129032 0.5689513888888889 0.7278467741935484 0.6422986111111111 0.6879435483870968 0.6540277777777779 0.6307903225806452 0.6540277777777779 0.5767822580645161 0.6236527777777777 0.5303951612903226 0.5523888888888888 0.5112741935483871 0.42406944444444444 0.5403306451612904 0.39974305555555556 0.559516129032258
0 0.34636805555555555 0.37729838709677416 0.31338194444444445 0.4164838709677419 0.2672847222222222 0.4682822580645161 0.2637152777777778 0.5452096774193548 0.26588888888888884 0.5860483870967742 0.2995347222222222 0.5794193548387097 0.3262847222222222 0.6023064516129033 0.37259027777777776 0.5910887096774193 0.40789583333333335 0.5626532258064516 0.48775 0.4938306451612903 0.48775 0.4582096774193548 0.4654027777777778 0.4317177419354839 0.38706944444444447 0.3715 0.34636805555555555 0.37729838709677416
0 0.12434027777777779 0.6312983870967742 0.0985763888888889 0.6525806451612903 0.0985763888888889 0.6999919354838711 0.10396527777777778 0.7352903225806452 0.13281944444444446 0.724516129032258 0.2030625 0.7038709677419355 0.23401388888888888 0.7019435483870967 0.27394444444444443 0.7146370967741935 0.30690972222222224 0.7312983870967742 0.3522708333333333 0.7257903225806452 0.3660833333333333 0.6899274193548387 0.3576944444444445 0.6430967741935484 0.3430902777777778 0.5751209677419354 0.27995138888888893 0.5913790322580645 0.22679166666666667 0.6012983870967743 0.14002777777777778 0.6160725806451613 0.12434027777777779 0.6312983870967742
0 0.12337499999999998 0.4065241935483871 0.09321527777777777 0.47419354838709676 0.09321527777777777 0.5559193548387097 0.10746527777777777 0.6013790322580645 0.14652777777777778 0.6189758064516129 0.17191666666666666 0.5831290322580646 0.2614722222222222 0.5831290322580646 0.2614722222222222 0.5573790322580645 0.26555555555555554 0.5008145161290323 0.2977986111111111 0.43391935483870964 0.28813194444444445 0.40395161290322584 0.23975694444444443 0.37441935483870964 0.14572222222222223 0.36224193548387096 0.12337499999999998 0.4065241935483871
0 0.15634722222222222 0.3462177419354838 0.17931944444444445 0.37891129032258064 0.2449513888888889 0.39225806451612905 0.28705555555555556 0.39287903225806453 0.28705555555555556 0.3493790322580645 0.29756944444444444 0.31348387096774194 0.29815277777777777 0.2721370967741935 0.2806458333333333 0.2709032258064516 0.23715972222222226 0.2709032258064516 0.17344444444444443 0.31941935483870965 0.15634722222222222 0.3462177419354838
0 0.7849513888888889 0.5811290322580646 0.8576736111111111 0.5562822580645161 0.9013611111111111 0.5318225806451613 0.8936319444444444 0.5079354838709678 0.8696736111111112 0.4820967741935484 0.8320416666666666 0.4784193548387097 0.7761388888888888 0.4919596774193548 0.7394722222222222 0.5183548387096774 0.7157222222222221 0.601991935483871 0.7849513888888889 0.5811290322580646
0 0.4976944444444445 0.36578225806451614 0.5202569444444445 0.40715322580645164 0.5539027777777777 0.39633064516129035 0.5825416666666666 0.3577258064516129 0.6601597222222222 0.32930645161290323 0.7258541666666667 0.3480483870967742 0.7309791666666666 0.30254032258064517 0.7086875 0.2602822580645161 0.6515902777777778 0.21833064516129033 0.6143333333333333 0.21833064516129033 0.5553402777777777 0.2245806451612903 0.4926597222222222 0.2587096774193548 0.4792777777777778 0.3318387096774194 0.4976944444444445 0.36578225806451614
0 0.3466597222222222 0.32518548387096774 0.32280555555555557 0.38401612903225807 0.3710138888888889 0.37290322580645163 0.4122708333333333 0.38509677419354843 0.43745833333333334 0.4206854838709677 0.49801388888888887 0.44446774193548383 0.5073402777777778 0.4228629032258065 0.5042569444444445 0.3834596774193548 0.4894861111111111 0.31775000000000003 0.49453472222222217 0.2723951612903226 0.5095902777777778 0.22756451612903225 0.4645 0.22756451612903225 0.40886805555555555 0.24661290322580645 0.3563263888888889 0.30274999999999996 0.3466597222222222 0.32518548387096774
0 0.56275 0.2032983870967742 0.5727986111111112 0.23333870967741938 0.6112916666666667 0.2306290322580645 0.6524583333333333 0.2306290322580645 0.690125 0.24694354838709676 0.7187013888888889 0.271008064516129 0.7405277777777778 0.271008064516129 0.7619791666666667 0.22458870967741937 0.7756458333333334 0.16326612903225807 0.7220138888888888 0.1487983870967742 0.6642708333333334 0.14426612903225805 0.5771875 0.18376612903225806 0.56275 0.2032983870967742
0 0.7402361111111111 0.2397983870967742 0.7398194444444445 0.3051774193548387 0.7398194444444445 0.35946774193548386 0.7749861111111112 0.3781048387096774 0.83675 0.4132096774193548 0.8912847222222222 0.4133951612903226 0.9292430555555556 0.35888709677419356 0.9202916666666666 0.24769354838709676 0.8663958333333333 0.20406451612903226 0.774701388888889 0.20518548387096774 0.7402361111111111 0.2397983870967742
0 0.6195763888888889 0.35910483870967747 0.5645 0.37416935483870967 0.5277847222222223 0.4091774193548387 0.5165902777777778 0.4296532258064516 0.5165902777777778 0.49751612903225806 0.5494652777777778 0.5103145161290323 0.5669097222222222 0.47823387096774195 0.6184236111111111 0.47789516129032256 0.6627222222222222 0.47876612903225807 0.709673611111111 0.4945403225806452 0.7571180555555556 0.4895483870967742 0.8142638888888889 0.4667016129032258 0.8124375 0.4121129032258064 0.8017847222222222 0.3658790322580645 0.7593263888888889 0.35774193548387095 0.6716736111111111 0.3410887096774194 0.6195763888888889 0.35910483870967747
0 0.6112708333333333 0.48595967741935486 0.5680763888888889 0.48595967741935486 0.5473541666666667 0.5163387096774193 0.5657569444444444 0.5163387096774193 0.6314513888888889 0.5371532258064516 0.6590347222222221 0.5929354838709677 0.6825416666666667 0.6052096774193549 0.7219930555555556 0.5719758064516128 0.7219930555555556 0.5086370967741936 0.6964027777777777 0.48412096774193547 0.6375208333333333 0.4838709677419355 0.6112708333333333 0.48595967741935486