0 0.49124271844660194 0.2620878048780488 0.47473786407766994 0.31863414634146336 0.477257281553398 0.4026487804878049 0.5660000000000001 0.4157512195121951 0.5974126213592232 0.396619512195122 0.6308932038834951 0.34199024390243904 0.6885436893203883 0.29754634146341463 0.704995145631068 0.25386341463414636 0.6926116504854368 0.1926048780487805 0.6671601941747572 0.16093658536585365 0.6212961165048544 0.16289268292682926 0.5488155339805825 0.1847658536585366 0.5064271844660194 0.2386292682926829 0.49124271844660194 0.2620878048780488
0 0.745868932038835 0.3730487804878049 0.7559951456310681 0.47903902439024393 0.8200728155339806 0.487990243902439 0.8979708737864077 0.43738048780487804 0.9278349514563106 0.33693170731707317 0.9278349514563106 0.2708829268292683 0.8992330097087378 0.2191463414634146 0.8606165048543689 0.19564878048780487 0.7936067961165049 0.207990243902439 0.7231747572815533 0.23113170731707317 0.7202815533980582 0.30850243902439023 0.745868932038835 0.3730487804878049
0 0.7628106796116505 0.1725170731707317 0.7649660194174758 0.21491219512195123 0.8225728155339805 0.19653170731707317 0.8788300970873786 0.19653170731707317 0.9397135922330097 0.23617560975609755 0.9426116504854368 0.21390243902439024 0.9426116504854368 0.16498536585365856 0.924504854368932 0.11610731707317073 0.9055776699029127 0.10767317073170732 0.8416504854368931 0.11152195121951218 0.7604417475728156 0.16788292682926828 0.7628106796116505 0.1725170731707317
0 0.39722815533980577 0.7022341463414634 0.33652427184466016 0.7368 0.33156310679611656 0.7930243902439024 0.33156310679611656 0.8690780487804878 0.3997378640776699 0.8870341463414635 0.46004368932038836 0.8870341463414635 0.4749611650485437 0.8500487804878049 0.48970873786407765 0.7836341463414634 0.4900194174757282 0.7062731707317074 0.4526359223300971 0.6776536585365854 0.39722815533980577 0.7022341463414634
0 0.35597572815533984 0.4677609756097561 0.368752427184466 0.5330536585365854 0.36940776699029126 0.5801756097560976 0.4225436893203883 0.6247560975609756 0.48617961165048545 0.6237365853658536 0.5616553398058252 0.5899219512195122 0.578368932038835 0.5019268292682927 0.5761019417475729 0.4384390243902439 0.5761019417475729 0.41473170731707315 0.4951747572815534 0.39681463414634144 0.4340728155339806 0.39681463414634144 0.37654368932038834 0.4284780487804878 0.35597572815533984 0.4677609756097561
0 0.30168932038834956 0.29158048780487805 0.30168932038834956 0.3525756097560976 0.3181067961165049 0.39110731707317076 0.3820776699029126 0.4129317073170731 0.4333883495145631 0.38339999999999996 0.47514563106796115 0.33313658536585367 0.47563106796116505 0.2875658536585366 0.4706504854368932 0.2474780487804878 0.43506796116504853 0.21302439024390243 0.3655825242718447 0.21816585365853658 0.31506310679611654 0.2521658536585366 0.30168932038834956 0.29158048780487805
0 0.4559466019417476 0.1572439024390244 0.4431650485436893 0.2127609756097561 0.4895 0.2604048780487805 0.552626213592233 0.1831609756097561 0.6374611650485438 0.15226341463414633 0.6343883495145631 0.13529756097560977 0.6070194174757282 0.08685853658536585 0.5559320388349515 0.08541463414634147 0.526626213592233 0.08541463414634147 0.46837864077669905 0.11997560975609756 0.4559466019417476 0.1572439024390244
0 0.33690291262135924 0.22893658536585368 0.3619660194174757 0.22183414634146342 0.441621359223301 0.20520000000000002 0.46008252427184465 0.1535560975609756 0.43172815533980585 0.11608780487804878 0.38495631067961167 0.11608780487804878 0.3648689320388349 0.1265658536585366 0.31881553398058254 0.17534634146341463 0.33690291262135924 0.22893658536585368
0 0.21192233009708739 0.2534390243902439 0.19654368932038835 0.2701219512195122 0.19524757281553395 0.2946341463414634 0.20042233009708738 0.31055609756097563 0.20042233009708738 0.33605365853658536 0.22509708737864076 0.3812048780487805 0.2500631067961165 0.39366341463414634 0.30441747572815536 0.3596878048780488 0.30492233009708736 0.33351219512195124 0.30492233009708736 0.29769268292682927 0.315631067961165 0.2505951219512195 0.3374660194174757 0.2287707317073171 0.3141893203883495 0.18942926829268292 0.2867815533980582 0.18942926829268292 0.2494223300970874 0.18942926829268292 0.2033592233009709 0.22017073170731707 0.21192233009708739 0.2534390243902439
0 0.14105339805825243 0.3931853658536585 0.12844174757281554 0.4272048780487805 0.11045631067961166 0.477790243902439 0.11109223300970875 0.5416780487804878 0.15317961165048544 0.5835512195121951 0.1916116504854369 0.5863804878048781 0.22477184466019415 0.5401902439024391 0.23536893203883494 0.5003024390243902 0.23726699029126214 0.4511317073170732 0.24148058252427182 0.3957609756097561 0.2232864077669903 0.37093170731707314 0.1653106796116505 0.35860487804878044 0.14105339805825243 0.3931853658536585
0 0.2519660194174757 0.4064926829268293 0.23755339805825243 0.45937560975609754 0.22333980582524274 0.5108829268292683 0.2518495145631068 0.5503073170731707 0.25823300970873786 0.5837024390243902 0.31317475728155336 0.5852146341463415 0.356247572815534 0.5836975609756098 0.35546116504854364 0.534419512195122 0.35546116504854364 0.4927756097560976 0.37393203883495146 0.44152682926829273 0.37566019417475727 0.4160487804878049 0.33422330097087377 0.40048780487804875 0.26764563106796113 0.3968341463414634 0.2519660194174757 0.4064926829268293
0 0.09030582524271845 0.5599804878048781 0.07664077669902913 0.5617512195121952 0.04354368932038835 0.5673073170731707 0.01729611650485437 0.6083121951219512 0.012684466019417476 0.6704 0.024563106796116504 0.7246487804878049 0.040718446601941745 0.7595268292682927 0.09828155339805825 0.7850243902439025 0.11333980582524271 0.7433463414634146 0.10808252427184466 0.7051121951219512 0.10808252427184466 0.6610487804878048 0.12840776699029127 0.6201121951219513 0.16687864077669903 0.6058048780487805 0.16249514563106796 0.573760975609756 0.12806310679611652 0.5471560975609756 0.09446116504854368 0.5510878048780488 0.09030582524271845 0.5599804878048781
0 0.12574271844660193 0.6270243902439024 0.10960194174757282 0.6688682926829268 0.1234611650485437 0.7253463414634146 0.12672330097087378 0.7724000000000001 0.15105825242718446 0.8109756097560976 0.16937378640776699 0.813580487804878 0.27091747572815533 0.813580487804878 0.2862766990291262 0.7801073170731707 0.2862766990291262 0.7141560975609755 0.3007621359223301 0.6532341463414635 0.3014368932038835 0.6167512195121951 0.29552912621359223 0.5853560975609756 0.23806796116504855 0.5776829268292683 0.1600873786407767 0.5916829268292683 0.12574271844660193 0.6270243902439024
0 0.5717087378640777 0.6588780487804877 0.565742718446602 0.730160975609756 0.5940825242718447 0.814848780487805 0.6781990291262137 0.8395268292682927 0.7189320388349514 0.8156341463414635 0.7529029126213593 0.7321902439024389 0.7673155339805826 0.7031512195121951 0.7730776699029126 0.6219170731707316 0.7712621359223301 0.5719414634146341 0.7593543689320388 0.5409170731707318 0.7399757281553399 0.5225609756097561 0.6960970873786407 0.5035365853658537 0.6081796116504854 0.49622926829268293 0.5759660194174757 0.597229268292683 0.5717087378640777 0.6588780487804877
0 0.49456796116504853 0.6826829268292682 0.49456796116504853 0.7670682926829268 0.49456796116504853 0.8742097560975609 0.5202669902912621 0.8939707317073171 0.5987766990291262 0.9084341463414635 0.6451067961165048 0.8994097560975609 0.670383495145631 0.8727560975609756 0.671626213592233 0.8312975609756097 0.6270485436893204 0.8312975609756097 0.577252427184466 0.7956146341463415 0.5573640776699029 0.6501560975609757 0.5487815533980582 0.6316097560975609 0.49086407766990287 0.6355951219512195 0.46905825242718446 0.6822829268292683 0.49456796116504853 0.6826829268292682
0 0.2935533980582524 0.6659121951219512 0.2935533980582524 0.7860731707317073 0.32597572815533976 0.8068195121951219 0.33445145631067963 0.7494829268292683 0.3436747572815534 0.7311609756097561 0.4468155339805825 0.6719073170731708 0.44775728155339806 0.6491121951219513 0.3700922330097088 0.6015414634146341 0.32931067961165045 0.6170048780487805 0.2935533980582524 0.6659121951219512
0 0.5997135922330097 0.40885365853658534 0.5890679611650486 0.4490878048780488 0.6045873786407767 0.4929170731707317 0.6319466019417477 0.4925121951219512 0.731742718446602 0.5129170731707317 0.7645776699029125 0.545580487804878 0.7925436893203884 0.5893658536585366 0.7990533980582524 0.6496585365853659 0.8160825242718447 0.625570731707317 0.7981844660194174 0.4859414634146341 0.7691019417475728 0.4859414634146341 0.7412961165048544 0.3795268292682927 0.7188834951456311 0.32223414634146347 0.6507378640776699 0.3308048780487805 0.6008932038834952 0.3704682926829268 0.5997135922330097 0.40885365853658534